# callgrind format
version: 1
creator: callgrind-3.13.0
pid: 17416
cmd:  ./soko 10
part: 1


desc: I1 cache: 
desc: D1 cache: 
desc: LL cache: 

desc: Timerange: Basic block 0 - 4491450357
desc: Trigger: Program termination

positions: line
events: Ir
summary: 34486423871


ob=(2) ???
fl=(18) ???
fn=(662) 0x000000000010a8d4
0 3

ob=(1) /lib/x86_64-linux-gnu/ld-2.26.so
fl=(21) /build/glibc-itYbWN/glibc-2.26/string/../sysdeps/x86_64/strcmp.S
fn=(56) strcmp
144 263
+1 263
+2 263
+1 263
+21 263
+1 263
+1 180
+1 180
+1 70
+1 70
+1 70
+1 70
+21 70
+1 70
+1 70
+1 70
+1 70
+1 70
+1 70
+5 6
+1 6
+9 6
+1 6
+1 6
+1 6
+1 6
+1 6
+1 6
+1 6
-7 193
+1 193
+1 193
+1 193
+1 193
+1 193
+1 193
+1 193
+1 134
+1 107
+1 107
+1 107
+2 107
+1 107
+1 107
+1 107
+1 107
+1 107

ob=(2)
fl=(18)
fn=(504) 0x0000000004c4c818
0 2
cob=(3) /lib/x86_64-linux-gnu/libc-2.26.so
cfi=(90) /build/glibc-itYbWN/glibc-2.26/malloc/malloc.c
cfn=(506) free
calls=2 3107 
0 247

fn=(284) 0x0000000004a2a560
0 6

fn=(648) 0x0000000000108960
0 1
cob=(3)
cfi=(136) /build/glibc-itYbWN/glibc-2.26/stdlib/cxa_finalize.c
cfn=(650) __cxa_finalize
calls=1 31 
0 62

ob=(1)
fl=(21)
fn=(56)
231 27
+1 27
+1 27
+1 27
+1 27
+1 27
+10 65
+1 65
+1 65
+2 65
+6 65
+1 65
+1 65
+1 65
+1 65
+5 65
+2 64
+1 64
+1 128
+8 64
+1 64
+3 64
+1 64
+1 64
+1 64
+1 64
+1 64
571 2
+1 2
+1 2
+1 2
+1 2
+2 2
+1 2
+1 2
+1 2
+1 2
+1 2
+1 2
+1 2
+4 2
+1 2
+1 2
+6 2
+1 2
+1 4
+4 2
+1 2
+3 2
+1 2
+1 2
+3 2
+1 2
+1 2
+6 2
+1 2
+1 2
+1 2
+1 2
+1 2
821 1
+1 1
+1 1
+1 1
+1 1
+2 1
+1 1
+1 1
+1 1
+1 1
+1 1
+1 1
+1 1
+4 1
+1 1
+1 1
+6 1
+1 1
+1 2
+4 1
+1 1
+3 1
+1 1
+1 1
+3 1
+1 1
+1 1
+6 1
+1 1
+1 1
+1 1
+1 1
+1 1
+72 1
+1 1
+1 1
+1 1
+1 1
+2 1
+1 1
+1 1
+1 1
+1 1
+1 1
+1 1
1071 12
+1 12
+1 12
+1 12
+1 12
+2 12
+1 12
+1 12
+1 12
+1 12
+1 12
+1 12
+1 12
+4 12
+1 12
+1 12
+6 12
+1 12
+1 24
+4 12
+1 12
+3 12
+1 12
+1 12
+3 12
+1 12
+1 12
+6 12
+1 12
+1 12
+1 12
+1 12
+1 12
+7 1
+1 1
+2 1
+1 1

ob=(2)
fl=(18)
fn=(680) 0x0000000004a2a80c
0 3

fn=(670) 0x0000000004a2a5a0
0 1
cob=(3)
cfi=(136)
cfn=(650)
calls=1 31 
0 62

fn=(330) 0x0000000000108850
0 6

fn=(440) 0x0000000004c4c810
0 3
cob=(3)
cfi=(90)
cfn=(352) malloc
calls=3 3062 
0 774

fn=(84) 0x0000000004000d10
0 5
cob=(1)
cfi=(19) /build/glibc-itYbWN/glibc-2.26/elf/dl-minimal.c
cfn=(86) free
calls=5 109 
0 30

ob=(4) /usr/local/lib/valgrind/vgpreload_core-amd64-linux.so
fl=(75) ???
fn=(674) 0x00000000000005b0
0 9

fn=(664) 0x0000000000000640
0 8
cob=(2)
cfi=(18)
cfn=(670)
calls=1 0 
0 63
0 1
cfn=(674)
calls=1 0 
0 9
0 3

fn=(288) 0x0000000000000680
0 17

ob=(1)
fl=(21)
fn=(56)
1137 1
+1 1
+1 1
+3 1
+1 1
+1 1
+6 1
+1 1
+1 1
+1 1
+1 1
+1 1
+41 4
+1 4
+1 4
+1 4
+1 4
+2 4
+1 4
+1 4
+1 4
+1 4
+1 4
+1 4
1321 3
+1 3
+1 3
+1 3
+1 3
+2 3
+1 3
+1 3
+1 3
+1 3
+1 3
+1 3
+1 1
+4 1
+1 1
+1 1
+6 1
+1 1
+1 2
+4 1
+1 1
+3 1
+1 1
+1 1
+3 1
+1 1
+1 1
+6 1
+1 1
+1 1
+1 1
+1 1
+1 1
+72 1
+1 1
+1 1
+1 1
+1 1
+2 1
+1 1
+1 1
+1 1
+1 1
+1 1
+1 1
+1 1
+4 1
+1 1
+1 1
+6 1
+1 1
+1 2
+4 1
+1 1
+3 1
+1 1
+1 1
+3 1
+1 1
+1 1
+6 1
+1 1
+1 1
+1 1
+1 1
+1 1
+72 5
+1 5
+1 5
+1 5
+1 5
+2 5
+1 5
+1 5
+1 5
+1 5
+1 5
+1 5
+1 4
+4 4
+1 4
+1 4
+6 4
+1 4
+1 8
+4 4
+1 4
+3 4
+1 4
+1 4
+3 4
+1 4
+1 4
+6 4
+1 4
+1 4
+1 4
+1 4
+1 4
+72 3
+1 3
+1 3
+1 3
+1 3
+2 3
+1 3
+1 3
+1 3
+1 3
+1 3
+1 3
1821 16
+1 16
+1 16
+1 16
+1 16
+2 16
+1 16
+1 16
+1 16
+1 16
+1 16
+1 16
+1 15
+4 15
+1 15
+1 15
+6 15
+1 15
+1 30
+4 15
+1 15
+3 15
+1 15
+1 15
+3 15
+1 15
+1 15
+6 15
+1 15
+1 15
+1 15
+1 15
+1 15
+72 7
+1 7
+1 7
+1 7
+1 7
+2 7
+1 7
+1 7
+1 7
+1 7
+1 7
+1 7
+1 1
+4 1
+1 1
+1 1
+6 1
+1 1
+1 2
+4 1
+1 1
+3 1
+1 1
+1 1
+3 1
+1 1
+1 1
+6 1
+1 1
+1 1
+1 1
+1 1
+1 1
+72 79
+1 79
+1 79
+1 79
+1 79
+2 79
+1 79
+1 79
+1 79
+1 79
+1 79
+1 79
+2 2
+4 2
+1 2
+1 2
+6 2
+1 2
+2 4
+4 2
+1 2
+3 2
+1 2
+1 2
+3 2
+1 2
+1 2
+6 2
+1 2
+1 2
+1 2
+1 2
+1 2
+74 103
+2 103
+1 103
+1 103
+1 103
-3 96
+1 96
+1 96
+1 96
+1 321
+5 107
+6 107
+1 107
+8 107
+1 107
-16 156
+6 156
+1 156
+8 156
+1 156

fl=(29) /build/glibc-itYbWN/glibc-2.26/string/strdup.c
fn=(82) strdup
40 24
+1 6
cfi=(13) /build/glibc-itYbWN/glibc-2.26/string/../sysdeps/x86_64/multiarch/../strlen.S
cfn=(28) strlen
calls=6 +38 
* 204
* 6
+1 12
cfi=(19)
cfn=(46) malloc
calls=6 +8 
* 108
* 6
+2 12
+4 6
-1 12
+1 12
-1 12
cfi=(20) /build/glibc-itYbWN/glibc-2.26/string/../sysdeps/x86_64/multiarch/memmove-vec-unaligned-erms.S
cfn=(48) memcpy
calls=6 +84 
* 68

fl=(45) /build/glibc-itYbWN/glibc-2.26/elf/dl-deps.c
fn=(134) _dl_map_object_deps
161 1
-1 1
+1 1
-1 4
+1 1
-1 2
+1 1
-1 2
+1 1
-1 2
+1 1
-9 1
+9 2
-15 1
+6 3
+26 1
-17 1
-17 1
+1 1
+1 1
+6 1
+26 4
-32 1
+33 1
-35 3
+2 2
-1 1
+1 2
+6 3
+26 1
-26 1
+26 5
+4 1
+21 1
+1 1
-22 2
+19 1
-12 1
+15 1
-16 2
+13 1
317 7
217 1
-4 1
+4 5
-4 3
+4 6
+12 8
+2 2
+11 2
-5 2
-6 4
+5 2
+2 4
+1 4
+3 12
+75 6
-25 4
+1 4
-51 204
+1 102
+6 10
cfi=(28) /build/glibc-itYbWN/glibc-2.26/string/../sysdeps/x86_64/multiarch/../strchr.S
cfn=(76) index
calls=2 24 
* 70
* 4
+5 10
-3 2
+3 2
cfi=(33) /build/glibc-itYbWN/glibc-2.26/elf/dl-error-skeleton.c
cfn=(100) _dl_catch_error
calls=2 -79 
* 11321
* 2
+2 6
+15 2
+2 4
+5 2
+6 2
+2 2
-8 4
+3 2
+1 2
+1 2
+1 2
+4 12
+7 147
459 8
+2 6
+3 4
-1 2
cfi=(19)
cfn=(46)
calls=2 50 
* 36
* 2
+2 2
-2 2
+2 2
+4 8
-1 2
+1 2
cfi=(20)
cfn=(48)
calls=2 131 
* 20
+1 12
cfi=(20)
cfn=(48)
calls=2 131 
* 20
+4 2
-1 2
+5 16
+3 9
-1 4
+1 8
+4 2
202 1
485 2
+4 5
+11 3
-1 1
cfi=(19)
cfn=(46)
calls=1 50 
* 18
* 1
+3 1
-3 1
+3 1
+5 7
+1 9
+8 8
+4 8
-4 4
-6 13
+13 2
+51 3
+2 3
+42 1
-4 1
+5 2
-1 4
+1 2
cfi=(27) /build/glibc-itYbWN/glibc-2.26/string/../sysdeps/x86_64/multiarch/memset-vec-unaligned-erms.S
cfn=(74) memset
calls=1 109 
* 13
* 2
-2 9
+7 1
+6 1
-7 1
+1 1
+6 1
-7 3
+7 1
-13 2
+7 2
+6 2
-7 2
+1 2
+6 2
-7 6
+7 4
+2 8
+1 4
-1 4
+1 3
+2 9
+1 6
+28 18
cfi=(27)
cfn=(74)
calls=2 109 
* 32
* 12
485 3
+1 2
658 3
-28 6
+31 10
-6 2
+16 2
+2 1
+1 1
-1 1
+2 3
+7 3
+3 3
+3 8
229 8
-19 4
+8 25
+2 2
+2 6
+2 28
+84 9
611 8
cfi=(20)
cfn=(48)
calls=1 131 
* 10
+2 1
-38 1
+38 1

fn=(136) openaux
60 4
+7 2
-4 2
+2 2
-2 4
+2 2
-2 2
+2 4
-2 4
cfi=(24) /build/glibc-itYbWN/glibc-2.26/elf/dl-load.c
cfn=(106) _dl_map_object
calls=2 2149 
* 11175
* 2
+5 4

fl=(7) /build/glibc-itYbWN/glibc-2.26/elf/../elf/dl-sysdep.c
fn=(272) _dl_sysdep_start_cleanup
260 1

fn=(12) _dl_sysdep_start
88 8
+25 1
-1 1
+1 245
+6 1
-3 1
+1 1
-4 1
+3 1
+3 4
+1 2
-1 25
+1 108
-1 106
+62 1
+1 1
-1 1
+1 1
-29 1
+1 2
+11 1
+1 1
-1 1
+1 1
-7 1
+1 1
-1 1
+1 1
-4 1
+1 2
-25 1
+1 2
-4 1
+1 2
-7 1
+1 1
+2 1
+1 1
+97 1
cfi=(9) /build/glibc-itYbWN/glibc-2.26/elf/dl-tunables.c
cfn=(16) __GI___tunables_init
calls=1 +71 
* 26046
fi=(11) /build/glibc-itYbWN/glibc-2.26/elf/../sysdeps/unix/sysv/linux/dl-sysdep.c
35 2
cfi=(12) /build/glibc-itYbWN/glibc-2.26/elf/../sysdeps/unix/sysv/linux/x86_64/brk.c
cfn=(22) brk
calls=1 -4 
* 11
fi=(8) /build/glibc-itYbWN/glibc-2.26/elf/../sysdeps/x86/cpu-features.c
+90 1
-12 1
+1 1
+11 1
+3 1
-3 1
+3 7
312 3
+1 1
+3 2
+1 1
+7 1
+4 2
-5 1
+5 1
-3 1
+3 1
cfi=(9)
cfn=(26) __tunable_get_val
calls=1 +51 
* 17
+2 4
cfi=(9)
cfn=(26)
calls=1 +49 
* 17
* 1
+2 3
-2 1
+2 1
cfi=(9)
cfn=(26)
calls=1 +47 
* 17
* 1
+2 3
-2 1
+2 1
cfi=(9)
cfn=(26)
calls=1 +45 
* 17
+13 1
-13 1
+4 1
+8 1
-12 1
+13 1
fe=(7)
238 2
cfi=(14) /build/glibc-itYbWN/glibc-2.26/elf/../misc/sbrk.c
cfn=(30) sbrk
calls=1 34 
* 17
* 3
+12 3
+3 5
cfi=(2) /build/glibc-itYbWN/glibc-2.26/elf/rtld.c
cfn=(32) dl_main
calls=1 869 
* 119190
+1 1
+1 8
fi=(8)
+94 3
fe=(7)
236 1
cfi=(13)
cfn=(28)
calls=1 79 
* 16
* 2
fi=(8)
368 3
+2 4
+3 4
+1 3
134 6
cfn=(24) get_common_indeces.constprop.1
calls=1 -97 
* 66
+3 3
+97 4
+7 5
+10 2
+1 1
-1 1
+1 1
+8 1
132 2
+7 3
+1 7
+85 5
-79 2
fe=(7)

fl=(23) /build/glibc-itYbWN/glibc-2.26/posix/../sysdeps/unix/syscall-template.S
fn=(64) uname
84 4
+1 1

fl=(93) /build/glibc-itYbWN/glibc-2.26/elf/../sysdeps/x86_64/dl-trampoline.h
fn=(370) _dl_runtime_resolve_sse_vex
164 2
+3 2
+2 2
+2 2
+5 2
+1 2
+1 2
+1 2
+1 2
+1 2
+1 2
+1 2
+1 2
+1 2
+1 2
+1 2
+1 2
+1 2
+1 2
+5 2
+1 2
+1 2
+1 2
+14 2
+1 2
+1 2
cfi=(94) /build/glibc-itYbWN/glibc-2.26/elf/../elf/dl-runtime.c
cfn=(372) _dl_fixup
calls=2 66 
* 2158
+1 2
+5 2
+1 2
+1 2
+1 2
+13 2
+1 2
+1 2
+1 2
+1 2
+1 2
+1 2
+1 2
+1 2
+1 2
+1 2
+1 2
+1 2
+1 2
+1 2
+2 2
+2 2
+4 2
+3 2
cfi=(9)
cfn=(26)
calls=1 379 
* 18
cfi=(95) /build/glibc-itYbWN/glibc-2.26/elf/dl-open.c
cfn=(376) _dl_find_dso_for_object
calls=1 -83 
* 44

fn=(368) _dl_runtime_resolve_avx_slow
70 2
+1 2
+1 2
+1 2
+1 2
+1 2
+1 2
+1 2
+1 2
+3 2
+3 2
+3 2
cfn=(370)
calls=2 +77 
* 2320

fl=(94)
fn=(372)
66 4
+6 4
-6 2
+3 4
+3 6
-4 2
+5 12
+2 2
-2 2
+2 4
+5 4
+4 4
+4 6
+4 4
+1 8
+2 8
+7 4
-1 2
+1 2
+10 18
cfi=(6) /build/glibc-itYbWN/glibc-2.26/elf/dl-lookup.c
cfn=(176) _dl_lookup_symbol_x
calls=2 810 
* 2008
* 2
+4 10
+10 12
+16 2
-8 2
+8 6
+4 6
fi=(5) /build/glibc-itYbWN/glibc-2.26/elf/../sysdeps/x86_64/dl-machine.h
260 2
fe=(94)
150 6

fl=(44) /build/glibc-itYbWN/glibc-2.26/io/../sysdeps/unix/sysv/linux/close.c
fn=(132) close
26 15
+1 3

fl=(40) /build/glibc-itYbWN/glibc-2.26/misc/../sysdeps/unix/sysv/linux/mmap64.c
fn=(122) mmap
44 16
+3 8
-6 80
+6 20
+5 80
+2 56
-7 18

fl=(19)
fn=(46)
50 115
+11 56
+3 28
-3 28
+3 56
-3 2
+3 1
-3 1
+3 110
-15 6
+20 8
+1 4
+2 2
+1 16
cfi=(40)
cfn=(122)
calls=2 -29 
* 70
+2 10
+4 6
+3 2
+1 2
+2 10
-2 27
-1 27
+3 54
-29 1
-1 1
+1 1
+1 2
-2 2

fn=(80) strsep
265 12
+2 6
+1 12
+4 219
+7 558
-2 380
+6 8
+7 4
+4 4
-4 1
+4 2
-7 93
-15 281

fn=(86)
109 5
+2 15
+7 10

fn=(42) calloc
92 8
+8 8
-1 16
-3 8
+4 16
+3 8
cfn=(46)
calls=8 -53 
* 210
* 8

fl=(27)
fn=(74)
109 65
+2 13
+1 13
+1 6
+1 6
+2 4
+1 4
+2 4
+55 2
+1 2
+10 2
+1 2
+1 2
+1 2
+1 2
+1 2
+1 2
+1 2
+1 2
+1 2
+1 2
+1 2
+1 2
+1 2
+2 32
+1 32
+1 32
+1 32
+1 32
+1 32
+1 32
+1 2
+15 7
+1 7
+1 7
+1 4
+1 4
+1 2
+1 2
+24 3
+1 3
+2 3
+3 2
+1 2
+2 2
+3 2
+1 2
+2 2

fl=(8)
fn=(24)
37 1
-4 1
+4 3
+3 3
+4 1
-4 1
+4 1
-4 1
+3 1
+1 2
+1 4
+1 4
+1 3
+1 2
+7 2
+1 7
+7 3
+4 2
+2 4
+38 2
-34 2
+3 3
+3 1
-3 1
+3 1
+2 3
+2 2
+2 2
+5 3

fl=(17) /build/glibc-itYbWN/glibc-2.26/elf/dl-object.c
fn=(38) _dl_new_object
61 33
+1 3
-1 6
+1 3
cfi=(13)
cfn=(28)
calls=3 +17 
* 66
+6 3
-6 12
+6 12
+1 21
+6 15
cfi=(19)
cfn=(42)
calls=3 +17 
* 147
* 3
+3 3
-3 3
+3 3
+4 3
+5 6
-6 3
+1 6
+5 3
-1 3
+1 3
-1 3
+1 3
cfi=(20)
cfn=(48)
calls=3 +44 
* 41
+10 3
-10 3
+11 3
-1 3
-10 3
+10 3
-8 3
+8 6
+1 3
-1 3
+1 9
+3 3
-3 3
+3 3
+9 3
-7 3
+4 3
+3 9
+2 2
-2 2
+2 30
-2 30
+12 3
+6 3
-5 3
-1 3
+6 15
+2 2
+3 2
-3 2
+3 2
-3 4
+7 6
+4 6
+8 1
+3 1
+3 2
-3 1
+3 1
-3 2
+3 4
-3 2
+3 2
+2 6
cfi=(13)
cfn=(28)
calls=2 -78 
* 68
+4 2
-4 8
+4 6
+64 2
+4 27
102 8
+39 6
+70 6
cfi=(20)
cfn=(72) mempcpy
calls=2 -94 
* 32
* 42
+6 40
-1 40
+1 42
-1 2
+1 6
+5 4
-89 2
+32 4
cfi=(19)
cfn=(46)
calls=2 50 
* 36
* 2
+1 2
-1 2
+1 6
-33 2

fn=(50) _dl_add_to_namespace_list
32 15
+2 6
cfi=(2)
cfn=(52) rtld_lock_default_lock_recursive
calls=3 783 
* 6
+2 3
-2 3
+2 19
+3 15
+2 2
+2 2
+4 2
+4 2
-4 4
+1 2
+4 4
-4 2
+1 2
+3 2
-3 2
+2 2
cfi=(2)
cfn=(54) rtld_lock_default_unlock_recursive
calls=2 789 
* 4
-4 1
+4 1
-4 2
+1 1
+4 2
-4 1
+1 1
+3 1
-3 1
+2 1
cfi=(2)
cfn=(54)
calls=1 789 
* 2
-5 2

fl=(50) /build/glibc-itYbWN/glibc-2.26/elf/dl-reloc.c
fn=(168) _dl_relocate_object
149 40
+15 4
-15 8
+15 4
+1 24
+6 8
+6 12
-18 6
+22 6
+7 4
-32 4
+32 4
+44 4
fi=(5)
79 12
fe=(50)
232 8
fi=(5)
79 12
+6 4
+4 6
+14 2
-8 2
+10 2
-2 4
+20 4
+9 4
+2 4
+15 12
fe=(50)
259 164
-99 6
fi=(5)
326 18
fe=(50)
-67 2
fi=(4) /build/glibc-itYbWN/glibc-2.26/elf/do-rel.h
58 2
-10 2
-1 4
+11 4
fe=(50)
259 2
-99 6
fi=(5)
326 18
fe=(50)
-67 2
fi=(4)
58 2
-10 2
-1 4
+11 4
fe=(50)
259 4
fi=(4)
58 4
-10 4
-1 8
+11 8
+3 8
fi=(5)
569 14
+4 14
+2 21
+1 7
fi=(4)
61 135
+2 184
+2 119
-4 3
+13 4
+1 5
+1 78
fi=(5)
569 39
+24 39
fi=(4)
75 39
fi=(5)
593 39
+2 39
cob=(3)
cfi=(73) /build/glibc-itYbWN/glibc-2.26/time/../sysdeps/unix/sysv/linux/x86/gettimeofday.c
cfn=(264) gettimeofday
calls=1 42 
* 76
cob=(3)
cfi=(54) /build/glibc-itYbWN/glibc-2.26/string/../sysdeps/x86_64/multiarch/ifunc-strcasecmp.h
cfn=(260) strncasecmp_l
calls=1 32 
* 6
cob=(3)
cfi=(56) /build/glibc-itYbWN/glibc-2.26/string/../sysdeps/x86_64/multiarch/ifunc-avx2.h
cfn=(258) strchrnul
calls=1 32 
* 8
cob=(3)
cfi=(53) /build/glibc-itYbWN/glibc-2.26/string/../sysdeps/x86_64/multiarch/ifunc-unaligned-ssse3.h
cfn=(256) stpcpy
calls=1 33 
* 9
cob=(3)
cfi=(53)
cfn=(254) stpncpy
calls=1 33 
* 9
cob=(3)
cfi=(66) /build/glibc-itYbWN/glibc-2.26/string/../sysdeps/x86_64/multiarch/ifunc-sse4_2.h
cfn=(252) strspn
calls=1 30 
* 6
cob=(3)
cfi=(60) /build/glibc-itYbWN/glibc-2.26/wcsmbs/../sysdeps/x86_64/multiarch/ifunc-avx2.h
cfn=(250) wcslen
calls=1 32 
* 8
cob=(3)
cfi=(56)
cfn=(248) memchr
calls=1 32 
* 8
cob=(3)
cfi=(54)
cfn=(244) strcasecmp_l
calls=1 32 
* 6
cob=(3)
cfi=(56)
cfn=(242) memrchr
calls=1 32 
* 8
cob=(3)
cfi=(56)
cfn=(240) strlen
calls=1 32 
* 8
cob=(3)
cfi=(70) /build/glibc-itYbWN/glibc-2.26/string/../sysdeps/x86_64/multiarch/strchr.c
cfn=(238) index
calls=1 40 
* 8
cob=(3)
cfi=(66)
cfn=(236) strpbrk
calls=1 30 
* 6
cob=(3)
cfi=(69) /build/glibc-itYbWN/glibc-2.26/wcsmbs/../sysdeps/x86_64/multiarch/ifunc-wmemset.h
cfn=(234) wmemset
calls=2 32 
* 26
cob=(3)
cfi=(68) /build/glibc-itYbWN/glibc-2.26/wcsmbs/../sysdeps/x86_64/multiarch/wcsnlen.c
cfn=(232) wcsnlen
calls=1 40 
* 7
cob=(3)
cfi=(52) /build/glibc-itYbWN/glibc-2.26/string/../sysdeps/x86_64/multiarch/ifunc-memmove.h
cfn=(230) memcpy@@GLIBC_2.14
calls=1 44 
* 16
cob=(3)
cfi=(53)
cfn=(228) strcpy
calls=1 33 
* 9
cob=(3)
cfi=(54)
cfn=(224) strncasecmp
calls=1 32 
* 6
cob=(3)
cfi=(66)
cfn=(222) strcspn
calls=1 30 
* 6
cob=(3)
cfi=(56)
cfn=(220) strnlen
calls=2 32 
* 16
cob=(3)
cfi=(60)
cfn=(218) wcschr
calls=2 32 
* 16
cob=(3)
cfi=(65) /build/glibc-itYbWN/glibc-2.26/string/../sysdeps/x86_64/multiarch/ifunc-memset.h
cfn=(216) memset
calls=1 42 
* 16
cob=(3)
cfi=(64) /build/glibc-itYbWN/glibc-2.26/string/../sysdeps/x86_64/multiarch/strcmp.c
cfn=(214) strcmp
calls=1 38 
* 9
cob=(3)
cfi=(63) /build/glibc-itYbWN/glibc-2.26/string/../sysdeps/x86_64/multiarch/strncmp.c
cfn=(212) strncmp
calls=1 38 
* 8
cob=(3)
cfi=(61) /build/glibc-itYbWN/glibc-2.26/string/../sysdeps/x86_64/multiarch/ifunc-memcmp.h
cfn=(208) bcmp
calls=1 33 
* 13
cob=(3)
cfi=(52)
cfn=(206) mempcpy
calls=1 44 
* 16
cob=(3)
cfi=(60)
cfn=(204) wmemchr
calls=2 32 
* 16
cob=(3)
cfi=(56)
cfn=(202) rawmemchr
calls=1 32 
* 8
cob=(3)
cfi=(57) /build/glibc-itYbWN/glibc-2.26/time/../sysdeps/unix/sysv/linux/x86/time.c
cfn=(196) time
calls=1 43 
* 76
cob=(3)
cfi=(56)
cfn=(194) rindex
calls=1 32 
* 8
cob=(3)
cfi=(53)
cfn=(192) strcat
calls=1 33 
* 9
cob=(3)
cfi=(54)
cfn=(188) strcasecmp
calls=1 32 
* 6
cob=(3)
cfi=(53)
cfn=(186) strncpy
calls=1 33 
* 9
cob=(3)
cfi=(52)
cfn=(184) memmove
calls=2 44 
* 32
fi=(4)
75 39
fi=(5)
596 39
fi=(4)
75 42
fe=(50)
259 2
fi=(4)
75 14
fe=(50)
259 14
+3 16
+24 4
+3 8
+17 12
+2 32
fi=(4)
84 6
-1 12
+3 24
+12 18
+10 8
+3 11
fi=(5)
553 3
fi=(4)
112 6
fi=(5)
553 1206
fi=(4)
112 2400
fi=(5)
553 2400
+5 2406
+1 2406
fi=(4)
111 2406
fi=(5)
559 1203
fi=(4)
111 1203
+7 18
+3 5
+3 5
-3 5
+3 11
fi=(5)
509 12
fi=(4)
127 464
+9 232
+1 116
-1 116
+2 116
-2 116
+3 116
-2 116
+2 116
fi=(5)
294 116
fi=(4)
137 232
+2 116
fi=(5)
294 116
+21 232
+4 232
+7 464
fi=(51) /build/glibc-itYbWN/glibc-2.26/elf/../sysdeps/generic/ldsodefs.h
102 297
fi=(5)
326 1819
fi=(4)
138 96
fi=(5)
326 192
fi=(4)
138 96
fi=(5)
326 96
fi=(4)
138 96
fi=(5)
326 1344
cfi=(6)
cfn=(176)
calls=96 810 
* 60465
* 576
+2 297
+3 111
-3 222
+3 333
+22 812
fe=(50)
178 8
+3 3
fi=(5)
476 396
fi=(4)
124 354
+19 6
fi=(5)
326 108
448 51
+4 85
+5 17
+9 17
-9 34
+9 34
fe=(50)
314 24
+3 4
-3 4
+3 4
+4 8
+1 12
cfi=(42) /build/glibc-itYbWN/glibc-2.26/misc/../sysdeps/unix/syscall-template.S
cfn=(126) mprotect
calls=4 84 
* 20
* 12
-63 6
fi=(5)
+67 53
fi=(4)
160 7
+2 24
+9 12
-1 6
+1 6
-1 12
fi=(5)
294 6
fi=(4)
170 18
fi=(5)
294 6
+21 12
+4 12
+7 24
fi=(51)
102 18
fi=(5)
326 198
cfi=(6)
cfn=(176)
calls=6 810 
* 2932
* 36
+2 18
+3 1
-3 2
+3 3
+22 42
476 18
fi=(4)
160 18
+14 4
fi=(5)
326 21
139 12
326 15
fe=(50)

fl=(31) /build/glibc-itYbWN/glibc-2.26/elf/../elf/dl-tls.c
fn=(166) _dl_allocate_tls_storage
338 1
+2 1
-2 2
+13 1
+1 2
cfi=(19)
cfn=(46)
calls=1 50 
* 78
* 1
+1 3
+8 2
-71 1
+71 2
+1 1
+4 297
+19 1
-96 2
+1 2
cfi=(19)
cfn=(42)
calls=1 92 
* 27
* 1
+1 2
+3 1
+6 2
+91 5

fn=(270) _dl_allocate_tls_init
444 8
+1 1
-1 1
+1 1
+4 1
+6 2
-6 1
+6 1
+12 1
-15 1
-1 1
+16 2
+5 8
+6 16
+3 1
+1 2
+6 3
+3 1
-2 2
+2 4
+1 1
+3 2
-1 2
+4 2
+1 4
+2 2
+1 2
+9 1
+3 3
cfi=(20)
cfn=(72)
calls=1 117 
* 12
* 5
cfi=(27)
cfn=(74)
calls=1 109 
* 33
* 3
-42 3
+56 3
+3 8

fn=(268) _dl_add_to_slotinfo
896 4
+9 1
-3 2
+8 3
+42 3
-1 1
+1 2
+1 4

fn=(164) _dl_determine_tlsoffset
144 1
-6 5
+6 2
+3 2
+36 3
+2 10
+3 1
-1 1
+5 2
-4 1
-1 2
+3 2
+2 3
+16 2
+3 2
-3 5
+2 2
+10 1
-37 2
+25 1
-25 7
+40 1
+1 1
+52 1
-1 1
+1 5

fn=(150) _dl_next_tls_modid
52 4
+48 2

fn=(90) _dl_count_modids
115 2
+1 2

fl=(46) /build/glibc-itYbWN/glibc-2.26/io/../sysdeps/unix/sysv/linux/wordsize-64/xstat.c
fn=(140) _xstat
34 32
-1 32
+1 32
+1 192
+4 2
-4 120

fl=(42)
fn=(276) munmap
84 4
+1 1

fn=(126)
84 24
+1 6

fl=(26) /build/glibc-itYbWN/glibc-2.26/io/../sysdeps/unix/sysv/linux/access.c
fn=(70) access
27 24
+4 3

fl=(28)
fn=(76)
24 10
+1 10
+1 10
+1 10
+1 10
+1 10
+1 10
+1 10
+1 10
+1 10
+1 10
+1 10
+1 10
+1 10
+1 10
+1 10
+1 10
+1 3
+4 3
+1 3
+1 3
+1 3
+2 3
+4 7
+1 7
+1 7
+1 7
+1 7
+1 7
+1 7
+1 7
+1 7
+1 7
+1 7
+1 7
+1 7
+1 7
+1 7
+1 7
+1 7
+1 7
+1 7
+1 7
+1 7
+1 7
+1 7
+1 8
+5 1
+1 1
+3 1
+1 1
+1 1
+1 1
+1 1
+1 1
+1 1
+1 1
+1 1
+1 1
+1 1
+1 1
+1 1
+1 1
+1 1
+1 1
+1 1
+1 1
+2 1
+1 1
-20 1
+1 1
+1 1
+1 1
+1 1
+1 1
+1 1
+1 1
+1 1
+1 1
+1 1
+1 1
+1 1
+1 1
+1 1
+1 1
+1 1
+1 1
+2 1
+1 1
+2 1
+1 1
+1 1
+1 1
+1 1
+1 1
+1 1
+1 1
+2 1
+1 1
+1 1
+1 1
+1 1
+1 1
+1 1
+1 1
+1 1
+1 1
+3 1
+4 1
+1 1
+1 1
+1 1
+2 1
-9 6
+4 6
+1 6
+1 6
+1 6
+2 6

fl=(14)
fn=(30)
34 4
+8 6
+4 2
+16 5

fl=(24)
fn=(110) open_verify.constprop.7
1677 462
+39 42
-39 126
+39 166
+31 168
cfi=(36) /build/glibc-itYbWN/glibc-2.26/io/../sysdeps/unix/sysv/linux/open64.c
cfn=(112) open
calls=42 32 
* 792
+2 42
-2 42
+2 44
+10 2
+1 4
+5 16
cfi=(37) /build/glibc-itYbWN/glibc-2.26/io/../sysdeps/unix/sysv/linux/read.c
cfn=(114) read
calls=2 26 
* 12
+2 4
+2 2
+2 2
-2 4
+2 2
+6 4
+16 8
cfi=(16) /build/glibc-itYbWN/glibc-2.26/string/../sysdeps/x86_64/memcmp.S
cfn=(36) bcmp
calls=2 24 
* 57
* 18
cfi=(16)
cfn=(36)
calls=2 24 
* 72
* 6
+74 4
+5 4
+2 8
+6 4
+11 4
+6 2
+1 2
-1 6
+1 6
+1 4
+20 82
+2 36
+4 8
+1 6
+13 2
+1 2
-1 2
+1 2
-1 2
+1 2
-2 2
+4 6
+5 1
+1 1
-13 4
cfi=(16)
cfn=(36)
calls=1 24 
* 25
* 8
cfi=(16)
cfn=(36)
calls=2 24 
* 60
* 6
+16 2
+3 1
+1 3
+1 1
-1 1
-1 1
+3 3
+1 5
+5 40
+23 378
1786 2
+7 4
cfi=(16)
cfn=(36)
calls=1 24 
* 24
* 2

fn=(78) fillin_rpath
444 2
+2 1
-2 14
+4 3
cfi=(19)
cfn=(80)
calls=1 265 
* 386
* 15
cfi=(19)
cfn=(80)
calls=5 265 
* 1194
* 18
+7 10
+28 3
-31 1
-1 1
+39 115
+1 64
cfi=(16)
cfn=(36)
calls=1 24 
* 43
* 2
+55 10
+2 10
cob=(2)
cfi=(18)
cfn=(84)
calls=5 0 
* 35
* 5
-39 10
+4 40
-1 5
cfi=(19)
cfn=(46)
calls=5 50 
* 90
* 5
+3 5
-3 5
+3 15
+5 5
+1 15
-2 5
+2 5
cfi=(20)
cfn=(72)
calls=5 117 
* 61
+3 5
-3 5
+3 5
-2 5
+2 5
+1 1
+5 4
+1 2
-1 16
+1 53
+1 25
-1 95
+1 30
-1 5
+1 5
-1 15
+1 5
-1 10
+4 5
-1 10
+1 5
+7 5
+1 10
383 12
cfi=(28)
cfn=(76)
calls=4 24 
* 188
* 8
+4 8
cfi=(29)
cfn=(82)
calls=4 40 
* 320
* 4
+74 8
+5 8
cfi=(13)
cfn=(28)
calls=4 79 
* 136
+1 8
+7 24
+4 4
+1 4
+4 16
+26 10
+43 1
+3 19
-24 10
+9 10

fn=(138) open_path
2000 8
+1 1
+6 1
-6 1
+6 1
+5 9
-7 1
-1 1
+8 7
+74 5
-71 3
+9 4
-9 12
+9 16
+7 20
-12 5
+12 5
cfi=(20)
cfn=(72)
calls=5 117 
* 61
* 5
+33 25
-12 64
-20 215
+3 80
+4 320
cfi=(20)
cfn=(72)
calls=40 117 
* 505
* 160
cfi=(20)
cfn=(72)
calls=40 117 
* 480
+3 80
+3 120
+3 360
cfn=(110)
calls=40 1677 
* 2200
* 40
+2 200
+26 32
+2 16
+63 9
-24 25
+7 5
-2 5
+2 15
+3 3
-13 2
-57 64
+1 288
+6 64
+2 64
-2 64
+2 64
cfi=(46)
cfn=(140)
calls=32 34 
* 410
* 64
+1 2
+2 2
-2 2
+2 14
+7 4
-7 30
+7 60
-30 30
+23 60

fn=(116) _dl_map_object_from_fd
893 22
+10 2
-10 2
+10 2
-10 6
+10 2
cfi=(30) /build/glibc-itYbWN/glibc-2.26/elf/dl-debug.c
cfn=(88) _dl_debug_initialize
calls=2 50 
* 16
fi=(38) /build/glibc-itYbWN/glibc-2.26/elf/../sysdeps/posix/dl-fileid.h
37 6
fe=(24)
903 2
fi=(38)
37 2
cfi=(39) /build/glibc-itYbWN/glibc-2.26/io/../sysdeps/unix/sysv/linux/wordsize-64/fxstat.c
cfn=(120) _fxstat
calls=2 -3 
* 18
* 4
+4 2
fe=(24)
919 2
fi=(38)
40 2
+1 2
fe=(24)
919 29
+1 10
fi=(38)
49 12
fe=(24)
1425 18
937 4
+24 8
+10 4
+22 8
+32 4
904 2
1028 14
cfi=(17)
cfn=(38)
calls=2 61 
* 774
+1 2
-1 2
+1 2
+11 4
+5 2
-5 2
+1 4
+1 2
+2 2
-2 2
+2 4
+1 6
+1 2
+19 2
-2 2
+10 2
-8 12
+8 2
-8 4
+8 2
+91 20
-90 32
-1 102
+1 95
+6 4
+1 6
+1 2
+3 2
+1 1
+5 20
+5 32
+9 12
-1 12
+1 4
+1 8
+2 4
-2 4
+1 4
-1 4
+3 4
+4 4
-7 4
+2 4
+1 4
+4 4
+1 12
+5 2
-1 2
+1 2
-15 2
+14 2
+1 10
+10 2
-10 2
-1 2
+1 2
-15 2
+14 2
+1 10
+10 2
+3 3
+4 1
+1 1
+1 1
-1 2
+1 1
+3 3
+1 1
+3 1
-3 1
+7 4
+6 1
cfi=(31)
cfn=(150)
calls=1 52 
* 6
* 2
+1 1
+19 4
+1 6
+1 2
-6 4
+1 2
+8 8
1041 2
1189 2
1041 2
1189 2
+10 4
fi=(41) /build/glibc-itYbWN/glibc-2.26/elf/./dl-map-segments.h
56 2
fe=(24)
1199 4
fi=(41)
56 2
fe=(24)
1199 4
fi=(41)
56 8
-6 4
fe=(24)
1199 6
fi=(41)
56 2
cfi=(40)
cfn=(122)
calls=2 -12 
* 74
+4 2
-4 2
+4 4
+3 4
+1 2
+2 2
-2 2
-1 2
+3 2
+14 4
fi=(43) /build/glibc-itYbWN/glibc-2.26/elf/./dl-load.h
+10 8
+1 6
+2 8
fi=(41)
+11 16
+6 2
+2 2
-2 2
+1 2
+2 4
-1 8
+8 4
+17 4
+12 4
-59 20
+2 8
fe=(24)
1211 8
+9 4
fi=(3) /build/glibc-itYbWN/glibc-2.26/elf/get-dynamic-info.h
42 2
fe=(24)
1220 2
fi=(3)
42 2
+6 2
-2 2
+2 4
+15 2
+5 2
+3 2
-1 2
-3 2
-3 36
+10 8
-26 24
+16 35
+10 35
-26 105
+26 2
-26 6
+2 90
+13 40
+2 8
+3 8
+13 4
+20 7
+1 8
+1 8
+1 8
+2 8
+5 8
+1 7
+1 8
+6 6
+5 4
+7 4
+1 6
+16 6
+5 1
+2 1
-2 1
+2 1
+2 2
+2 2
+3 6
+10 1
-8 4
+8 1
+5 2
+3 4
fe=(24)
1227 4
+15 6
+19 4
+2 10
+54 6
+1 2
+3 2
cfi=(44)
cfn=(132)
calls=1 26 
* 6
* 2
cfi=(44)
cfn=(132)
calls=1 26 
* 6
* 4
+9 4
+2 6
+2 2
-2 2
+2 2
+16 4
cfi=(6)
cfn=(10) _dl_setup_hash
calls=2 959 
* 46
+4 4
+1 4
+17 4
+9 2
-5 6
+5 2
+10 4
+10 6
cfi=(17)
cfn=(50)
calls=2 32 
* 82
+4 6
fi=(3)
71 8
+1 2
+1 8
fe=(24)
1373 2
fi=(41)
123 4
+8 16
cfi=(27)
cfn=(74)
calls=2 -22 
* 256
* 8
-58 20
cfi=(42)
cfn=(126)
calls=2 +11 
* 10
* 6
+21 26
cfi=(40)
cfn=(122)
calls=2 -50 
* 66
* 6
fi=(43)
* 5
+2 1
-1 3
+1 1
-1 1
+1 2
-1 2
+3 4
fi=(41)
+43 9
cfi=(40)
cfn=(122)
calls=1 -97 
* 33
+3 3
fe=(24)
1213 2

fn=(106)
2149 21
+8 3
-8 6
+8 3
+1 12
+3 42
+5 49
+2 21
cfi=(35) /build/glibc-itYbWN/glibc-2.26/elf/dl-misc.c
cfn=(108) _dl_name_match_p
calls=7 284 
* 901
* 14
+4 12
+1 18
+3 2
+1 2
+1 2
-1 2
+1 2
cfi=(21)
cfn=(56)
calls=2 144 
* 68
* 4
2460 27
2195 4
+9 2
-53 2
+53 4
+36 4
-2 2
+2 2
cfi=(28)
cfn=(76)
calls=2 24 
* 46
* 4
2391 2
383 3
cfi=(28)
cfn=(76)
calls=1 24 
* 47
* 2
+4 2
cfi=(29)
cfn=(82)
calls=1 40 
* 88
2392 1
-3 1
+3 2
+4 10
cfn=(110)
calls=1 1677 
* 295
+3 2
-3 1
+3 3
+12 3
+46 1
+1 4
-1 1
+1 8
cfn=(116)
calls=1 893 
* 1423
-1 1
+1 4
-1 1
+1 8
cfn=(116)
calls=1 893 
* 1656
* 6
2244 2
cfi=(13)
cfn=(28)
calls=1 79 
* 16
* 1
+2 1
-2 1
+2 1
+7 4
+35 2
+1 14
cfn=(138)
calls=1 2000 
* 6413
+6 2
-6 1
+6 1
666 1
2296 1
666 2
2383 2
+28 3
+2 4
2257 1
+8 2
-8 1
+8 1
-8 1
+8 7
-3 3
666 1
2263 1
666 2
2318 1
-14 1
+14 1
+2 3
+4 2
cfi=(47) /build/glibc-itYbWN/glibc-2.26/elf/dl-cache.c
cfn=(142) _dl_load_cache_lookup
calls=1 186 
* 1666
+2 1
-2 1
+2 1
+4 2
+8 3
+23 9
cfn=(110)
calls=1 1677 
* 370
+4 1
-4 1
+4 3
+1 3
-89 5
+1 7
666 1
2279 1
666 2

fn=(66) _dl_init_paths
689 1
+13 2
-13 8
+13 3
cfi=(25) /build/glibc-itYbWN/glibc-2.26/elf/dl-hwcaps.c
cfn=(68) _dl_important_hwcaps
calls=1 40 
* 710
+5 1
-5 1
+5 1
cfi=(19)
cfn=(46)
calls=1 50 
* 18
* 1
+1 1
-2 1
+2 1
+8 2
-1 1
+1 3
-1 3
+4 4
cfi=(19)
cfn=(46)
calls=1 50 
* 18
* 1
+2 1
-2 1
+2 1
+17 1
+12 1
-14 1
-9 1
+1 2
+10 1
+3 1
+9 2
-3 1
-8 1
+2 2
+1 1
+8 4
-3 5
+1 12
cfi=(27)
cfn=(74)
calls=4 109 
* 48
+2 14
-14 6
+14 3
-12 3
-2 3
+3 3
+2 3
-3 3
+4 3
+4 3
-4 3
+1 3
+3 3
+1 3
-4 3
+4 3
+14 1
-11 1
+6 1
+1 1
+5 2
+2 4
+2 3
+38 5
+6 3
cfi=(28)
cfn=(76)
calls=1 24 
* 108
* 2
+2 3
cfi=(13)
cfn=(28)
calls=1 79 
* 68
* 8
cfi=(20)
cfn=(48)
calls=1 131 
* 26
* 1
+17 6
+1 3
-1 6
+1 288
-1 577
+5 1
cfi=(19)
cfn=(46)
calls=1 50 
* 18
* 1
+1 1
-2 1
+2 1
+6 9
cfn=(78)
calls=1 444 
* 3322
+4 5
+6 1
+4 8
-70 1
-2 2
+2 2
+14 2

fl=(1) ???
fn=(0) 0x0000000000000ea0
0 2
cfi=(2)
cfn=(2) _dl_start
calls=1 444 
0 146987
0 14
cfi=(74) /build/glibc-itYbWN/glibc-2.26/elf/dl-init.c
cfn=(280) _dl_init
calls=1 80 
0 2239
0 3
cob=(5) /home/pierre/Documents/prog/C/Sokoban/src/soko
cfi=(84) ???
cfn=(320) _start
calls=1 0 
0 34486274626

fl=(34) /build/glibc-itYbWN/glibc-2.26/setjmp/../sysdeps/x86_64/setjmp.S
fn=(102) __sigsetjmp
26 3
+9 3
+1 6
+1 3
+4 3
+1 3
+1 3
+1 3
+1 3
+2 6
+2 3
+1 3
+1 3
+2 6
+2 3
+4 3
+1 3

fl=(49) /build/glibc-itYbWN/glibc-2.26/elf/dl-version.c
fn=(160) match_symbol
76 55
+9 5
-8 5
-1 10
+1 5
+8 5
+6 15
+15 5
+1 10
+2 5
+5 10
+14 58
+12 72
+4 24
-30 48
+16 5
+3 20
cfi=(21)
cfn=(56)
calls=5 +11 
* 243
* 10
+35 40

fn=(158) _dl_check_map_versions
174 32
+15 12
+2 4
+3 16
-3 4
+2 4
+1 4
+2 4
-3 4
+3 4
+3 4
+4 2
-4 2
+4 8
+17 2
56 4
220 2
56 10
+1 5
-1 10
+2 21
cfi=(35)
cfn=(108)
calls=7 284 
* 794
* 14
228 6
+5 8
+4 6
+2 2
-2 14
-4 3
+4 9
+2 3
-2 48
cfn=(160)
calls=3 76 
* 427
* 8
cfn=(160)
calls=2 76 
* 223
* 5
+7 30
+3 15
+9 8
+14 4
+3 8
+10 31
-7 124
+3 93
-3 8
+3 6
+8 6
+87 36
-81 12
cfi=(19)
cfn=(42)
calls=3 92 
* 81
* 3
+1 3
-2 3
+2 3
+11 3
+2 3
-5 3
+3 3
+2 3
-2 3
+2 3
+3 8
+4 6
+18 3
-15 9
+2 9
-2 6
+2 6
+2 5
+1 5
-1 10
+1 5
-1 5
+1 5
+1 5
-2 5
+2 10
+1 15
+3 15
+8 6
+10 9
+3 8
+20 31
-14 66
-2 31
+6 31
+1 31
+1 31
-1 93
+1 31
-1 31
+1 31
+1 31
+3 101
183 2
-8 2
+95 5

fn=(156) _dl_check_all_versions
380 5
+4 7
+2 28
cfn=(158)
calls=4 174 
* 2926
-2 4
+2 12
-1 4
-1 8
+5 7

fl=(37)
fn=(114)
26 10
+1 2

fl=(32) /build/glibc-itYbWN/glibc-2.26/string/../sysdeps/x86_64/strcspn.S
fn=(96) strcspn
30 1
+7 1
+1 1
+2 1
+1 1
+1 1
+1 1
+1 33
+3 2
+7 1
+1 1
+1 1
+1 1
+2 1
+1 1
+1 1
+1 1
+2 1
+1 1
+1 1
+9 3
+12 1
+2 1
+1 1
+1 1
-4 13
+2 13
+1 13
+1 13
+2 14
+1 14
+1 14
+2 13
+1 13
+1 13
+2 13
+1 13
+1 13
+4 1
+2 1
+7 1
+4 1

fl=(74)
fn=(282) call_init.part.0
36 4
+3 4
-3 8
+3 12
-11 21
+16 15
+5 4
+9 12
cob=(3)
cfi=(76) /build/glibc-itYbWN/glibc-2.26/csu/../csu/init-first.c
cfn=(296) _init
calls=1 -6 
* 206
cob=(2)
cfi=(18)
cfn=(284)
calls=1 -58 
* 6
* 2
+4 4
+6 2
+2 4
-2 4
+3 10
+1 8
cob=(3)
cfi=(82) /build/glibc-itYbWN/glibc-2.26/string/../sysdeps/x86/cacheinfo.c
cfn=(310) init_cacheinfo
calls=1 488 
* 1782
cob=(4)
cfi=(75)
cfn=(288)
calls=1 -72 
* 17
* 2
-1 4
+3 18
-29 3
-5 2
+34 1

fn=(280)
80 11
+1 1
+1 1
+3 3
+8 2
+1 2
+25 15
+1 12
-90 20
cfn=(282)
calls=3 +6 
* 2079
* 3
+96 8
-96 2
+58 2
+16 1
cfn=(282)
calls=1 -68 
* 76
* 1

fl=(25)
fn=(68)
40 4
+1 1
-1 4
+4 1
-4 4
+1 4
-1 1
+1 1
cfi=(9)
cfn=(26)
calls=1 379 
* 17
* 1
+3 2
+9 2
-12 1
+12 4
+1 2
-1 8
+1 2
-1 8
+10 4
169 3
+5 2
-4 4
+2 1
fi=(139) /build/glibc-itYbWN/glibc-2.26/elf/../sysdeps/x86/dl-hwcap.h
57 2
fe=(25)
172 2
fi=(139)
57 3
fe=(25)
172 1
+1 1
cfi=(13)
cfn=(28)
calls=1 -94 
* 16
+1 4
-5 1
+4 1
+2 1
-1 2
-5 4
-52 4
cfi=(26)
cfn=(70)
calls=1 -90 
* 9
* 3
315 2
177 3
+2 2
+1 5
+4 2
+4 1
-4 1
+1 1
+3 1
+3 2
+4 6
+1 1
-1 8
+1 1
+2 5
+2 2
-1 1
+1 1
-1 1
+2 2
+2 1
+11 9
-6 1
+7 2
-7 1
+7 2
cfi=(19)
cfn=(46)
calls=1 50 
* 18
* 1
+1 1
-1 1
+1 2
+29 3
+10 3
+10 2
-10 10
+10 7
-4 2
-3 1
+3 2
cfi=(20)
cfn=(72)
calls=1 117 
* 16
* 2
-3 1
+3 2
cfi=(20)
cfn=(72)
calls=1 117 
* 16
+3 2
-3 7
+3 2
+1 12
+1 4
cfi=(20)
cfn=(72)
calls=1 117 
* 14
-2 1
+2 2
-2 1
+5 6
cfi=(20)
cfn=(72)
calls=2 117 
* 28
+2 2
-2 4
+2 2
+5 8
-12 2
+12 1
+1 2
-1 9
+1 14
-1 19
+5 11
+4 3
-4 14
+4 33
+1 12
-1 12
+1 24
-2 12
+1 24
-1 39
+4 6
+3 1
+2 2
-1 1
-1 2
+2 6
+2 6
+1 2
+3 2
-6 11
+13 2
+1 1
-1 1
+3 2
-3 6
+1 3
-1 3
+3 6
+3 3
+3 1
-1 1
+1 8
-16 2
-6 3
115 1
+17 1
+1 1
-1 9
+87 2

fl=(135) /build/glibc-itYbWN/glibc-2.26/elf/dl-fini.c
fn=(640) _dl_fini
130 8
+20 15
+3 2
cfi=(2)
cfn=(52)
calls=1 783 
* 2
+2 1
+3 2
+2 8
+8 1
-3 1
+3 4
+5 1
-5 3
+7 8
+2 8
+2 4
+1 4
+5 4
-6 4
-6 4
+8 4
-8 9
+14 7
+1 4
+4 1
31 1
+2 1
192 1
33 1
+6 1
-1 1
+2 1
-2 2
+1 6
+1 1
-1 1
+1 1
cfi=(27)
cfn=(74)
calls=1 +69 
* 13
* 1
+77 15
+3 14
cfi=(27)
cfn=(74)
calls=2 -11 
* 32
* 3
-76 6
+1 3
-1 3
+1 6
+4 12
+6 6
+1 6
+2 15
+1 7
+2 9
+1 6
201 3
cfi=(2)
cfn=(54)
calls=1 789 
* 2
+5 3
81 4
208 1
+2 3
-2 3
+2 9
+3 8
+3 12
+4 4
+11 2
+1 2
-1 2
+2 4
+1 6
+1 4
cob=(4)
cfi=(75)
cfn=(664)
calls=1 0 
* 84
cob=(5)
cfi=(84)
cfn=(642) 0x0000000000000a30
calls=1 0 
* 84
-1 8
+5 4
+1 6
cob=(2)
cfi=(18)
cfn=(680)
calls=1 0 
* 3
cob=(2)
cfi=(18)
cfn=(662)
calls=1 0 
* 3
+6 24
+16 8
-56 11
+11 6
92 9
+21 3
-57 8
268 6
+6 2
+7 8

fl=(16)
fn=(36)
24 14
+1 14
+1 14
+1 14
+1 14
+1 14
+1 14
+1 14
+3 14
+1 14
+1 5
+1 5
+1 5
+1 5
+1 5
+1 5
+1 5
+2 13
+1 13
+1 5
+1 5
+1 5
+1 5
+1 5
+1 5
+1 5
+2 13
+1 13
+1 5
+1 5
+1 5
+1 5
+1 2
+1 2
+1 2
+2 10
+1 10
+1 6
+1 6
+1 6
+1 6
+1 1
+1 1
+1 1
+2 4
+1 4
+1 4
+1 4
+1 4
+1 4
+1 4
+1 2
+1 2
+1 2
+1 2
+1 2
+7 2
+2 3
+4 9
+1 9
+1 2
+1 2
+1 2
+1 2
+1 2
+1 2
+1 2
+1 2
+1 2
+1 2
+1 2
+4 9
+1 9

fl=(11)
fn=(62) _dl_discover_osversion
45 7
+2 4
+85 8
-45 3
cfi=(23)
cfn=(64)
calls=1 -3 
* 5
* 1
+15 1
-15 1
+20 1
-1 1
+3 12
+4 3
-2 6
+2 10
+2 1
+1 2
-3 4
+7 3
-1 3
+4 3
-2 3
+2 10
+5 2

fl=(36)
fn=(112)
32 43
-3 43
+3 258
+14 301
+2 3
-2 120
+2 40

fl=(39)
fn=(120)
34 6
+1 18
+4 3

fl=(33)
fn=(152) _dl_receive_error
217 3
+1 1
+1 1
+3 1
+1 1
+2 2
cfi=(2)
cfn=(154) version_check_doit
calls=1 620 
* 3011
+2 1
+1 1
+1 4

fn=(100)
175 6
+17 3
-5 6
+6 3
-3 3
-2 6
+5 3
+3 6
-21 6
+14 6
+1 3
+2 3
+4 3
cfi=(34)
cfn=(102)
calls=3 26 
* 60
* 9
+2 9
cfi=(45)
cfn=(136)
calls=2 60 
* 11207
cfi=(2)
cfn=(104) map_doit
calls=1 587 
* 2272
+2 3
-1 3
+2 3
+1 3
-2 3
-1 3
+11 3
-9 3
+1 3
+8 9

fl=(9)
fn=(26)
379 102
+4 17
-4 49
+14 12
+12 85
+1 17
-23 2
+1 2
+4 3
+1 3

fn=(16)
295 8
-9 3
156 2
-89 239
+6 78
-3 78
+3 6781
+4 156
+5 78
303 78
82 156
303 78
fi=(10) /build/glibc-itYbWN/glibc-2.26/elf/dl-tunables.h
121 78
-1 234
+1 90
-1 12
+1 24
fe=(9)
336 312
-12 6240
fi=(10)
120 2808
+1 2889
-1 39
+1 156
-1 195
fe=(9)
318 5070
67 156
370 8

fl=(2)
fn=(54)
789 10

fn=(94) handle_ld_preload
836 8
+1 1
-1 1
-75 1
+86 1
-86 5
+80 2
+3 3
cfi=(32)
cfn=(96)
calls=1 30 
* 236
* 1
+1 3
+9 1
121 1
856 2
121 2
858 2
-97 5
-10 1
+4 1
+1 1
+1 1
+2 1
+2 1
cfi=(33)
cfn=(100)
calls=1 175 
* 2329
* 1
+1 3
+8 3
+89 1
-18 2
+21 9
-15 4
cfi=(20)
cfn=(48)
calls=1 131 
* 18
+1 2

fn=(52)
783 10

fn=(2)
444 9
+18 4
fi=(3)
48 1
fe=(2)
462 1
fi=(5)
59 3
fi=(3)
-11 1
fe=(2)
488 1
-3 1
fi=(3)
48 1
+25 2
-3 1
-19 1
+12 1
+5 1
+5 1
-2 1
-1 1
-3 2
-3 16
+10 4
-26 12
+16 13
+10 13
-26 39
+26 1
-26 3
+2 36
+13 20
+2 4
+16 2
+20 4
+1 4
+1 4
+1 4
+2 4
+5 4
+1 4
+1 4
+6 3
+5 2
+7 3
+1 3
+8 3
+2 3
+3 2
+1 2
fe=(2)
499 2
393 1
506 1
393 1
cfi=(6)
cfn=(10)
calls=1 959 
* 23
+1 2
+1 2
+1 2
+1 2
+8 1
+9 1
-9 3
+9 1
-6 1
-3 1
+9 1
cfi=(7)
cfn=(12)
calls=1 88 
* 146084
* 1
+9 4
+3 1
+4 1
-4 1
+4 1
531 9
fi=(3)
68 4
fe=(2)
504 1
fi=(5)
79 1
fe=(2)
504 25
fi=(4)
84 1
+27 1
-28 1
+28 2
+1 2
fi=(5)
558 2
fi=(4)
112 64
fi=(5)
558 64
+1 66
fi=(4)
111 66
fi=(5)
559 33
fi=(4)
111 33
+5 2
+8 1
fi=(5)
353 1
+87 1
fi=(4)
124 2
+12 1
+3 2
-3 1
fi=(5)
291 1
fi=(4)
136 1
fi=(5)
319 1
fi=(4)
137 2
fi=(5)
319 1
fi=(4)
136 6
+3 12
-3 6
fi=(5)
291 6
fi=(4)
136 6
fi=(5)
319 6
fi=(4)
137 12
fi=(5)
319 6
+9 14
+3 7
-3 14
+3 21
+22 42
fi=(3)
71 4
+1 1
+1 2
fi=(4)
+51 22
fi=(5)
372 21
fe=(2)

fn=(32)
869 1
+17 1
-17 7
2468 1
869 3
+17 1
+4 1
2468 1
869 1
+21 1
+1 1
2463 1
891 1
+5 1
2468 1
896 1
2461 2
+7 2
-4 1
+4 5
+2 2
cfi=(15) /build/glibc-itYbWN/glibc-2.26/elf/dl-environ.c
cfn=(34) _dl_next_ld_env_entry
calls=1 30 
* 20
* 4
cfi=(15)
cfn=(34)
calls=2 30 
* 504
* 9
+4 50
+1 19
-1 57
+3 4
+6 14
2632 3
+32 3
906 3
1107 7
cfi=(17)
cfn=(38)
calls=1 61 
* 236
+2 1
-2 1
+2 1
+1 1
+1 1
+5 2
-5 1
+1 2
+4 1
cfi=(17)
cfn=(50)
calls=1 32 
* 33
+1 3
878 1
1146 1
-3 1
-5 1
+1 1
+2 1
+5 5
+56 3
-37 1
+22 1
+15 2
-55 24
-1 27
+1 47
1249 5
+3 2
+2 2
+2 3
+13 3
+3 2
-2 1
+2 1
-2 3
cfi=(21)
cfn=(56)
calls=1 144 
* 44
* 2
+7 1
+3 1
-5 1
+3 1
-3 1
+5 1
+1 2
+4 2
+2 2
fi=(3)
33 1
+9 2
+6 1
-2 1
+2 2
+15 1
+5 1
+3 1
+2 1
-3 1
-3 1
-3 22
+10 5
-26 15
+16 20
+10 20
-26 60
+26 1
-26 3
+2 52
+13 24
+2 4
+16 3
+20 3
+1 4
+1 4
+1 4
+2 4
+5 4
+1 4
+1 4
+6 3
+5 2
+7 2
+1 3
+16 3
+5 1
+2 1
-2 1
+2 1
+2 2
+2 2
+1 1
+2 3
+10 1
-8 3
+8 1
+5 2
+1 2
+2 2
fe=(2)
1292 2
cfi=(6)
cfn=(10)
calls=1 959 
* 23
+3 2
fi=(22) /build/glibc-itYbWN/glibc-2.26/elf/setup-vdso.h
24 2
fe=(2)
1317 6
-75 2
+1 2
+1 1
-6 2
+1 1
-88 3
+1 1
+50 2
-1 2
+1 4
-1 2
+2 4
+1 1
+3 2
+1 2
-1 2
+1 2
+1 2
+1 6
+1 2
-45 3
+9 1
-7 1
+25 1
-28 1
+10 1
-19 3
+1 1
fi=(3)
68 4
+3 4
+1 1
+1 3
fe=(2)
2559 1
+1 1
-1 2
+1 3
cfi=(16)
cfn=(36)
calls=1 24 
* 31
* 2
-56 4
cfi=(16)
cfn=(36)
calls=1 24 
* 18
* 2
+7 4
cfi=(16)
cfn=(36)
calls=1 24 
* 36
* 2
+2 3
+49 3
1322 2
cfi=(24)
cfn=(66)
calls=1 689 
* 5422
+3 3
cfi=(30)
cfn=(88)
calls=1 50 
* 17
+7 1
-7 1
+2 1
+5 1
+3 3
+1 1
+3 1
-3 3
+1 2
+3 1
+5 1
-7 1
+7 1
+1 5
+17 2
+1 2
+5 1
-3 3
+2 1
+1 3
+5 3
+1 5
+2 2
+1 2
+5 2
+6 4
+1 1
-2 1
884 1
1390 1
1569 1
cfi=(31)
cfn=(90)
calls=1 115 
* 4
* 1
+8 3
+3 2
+4 3
+5 2
+1 1
cfi=(30)
cfn=(92) _dl_debug_state
calls=1 74 
* 1
+1 1
+4 3
+15 3
+4 1
-2 1
+2 2
+2 3
+1 1
-1 2
+1 1
cfn=(94)
calls=1 836 
* 2653
* 1
+1 4
+2 2
+10 3
cfi=(26)
cfn=(70)
calls=1 27 
* 9
* 2
+77 1
-96 1
+96 3
+17 3
+1 1
-1 1
+1 2
-1 1
+1 5
cfi=(45)
cfn=(134)
calls=1 161 
* 12632
+1 1
+5 1
-5 3
+2 2
+3 6
+1 3
-1 2
+1 9
-1 6
+4 3
+1 3
+1 1
+2 2
+1 6
-1 5
+1 7
-1 3
-3 1
+17 1
-1 1
+1 1
-1 1
+1 1
+2 1
+2 3
+2 1
-4 1
+5 1
-1 2
+14 2
+1 2
+1 3
+11 2
+2 2
-1 1
-1 3
+2 4
cfi=(33)
cfn=(152)
calls=1 217 
* 3026
+10 1
+1 1
-1 1
+1 1
+1 1
cfn=(162) init_tls
calls=1 680 
* 599
* 1
+2 2
798 1
fi=(140) /build/glibc-itYbWN/glibc-2.26/elf/../sysdeps/unix/sysv/linux/dl-osinfo.h
64 2
fe=(2)
800 1
fi=(140)
77 1
fe=(2)
809 1
+7 1
-5 1
1807 3
2037 3
2207 4
+2 1
+7 3
cfi=(31)
cfn=(270)
calls=1 444 
* 144
+3 2
-61 3
+7 1
+2 7
+2 1
+2 12
+5 8
+2 8
+6 4
+2 8
+1 24
cfi=(50)
cfn=(168)
calls=3 149 
* 87286
+4 14
-22 10
+25 4
+2 1
+6 1
-6 1
+6 1
-10 2
cfi=(31)
cfn=(268)
calls=1 896 
* 20
* 1
-12 1
+1 1
-3 2
+50 3
+2 2
+15 1
+2 1
-2 2
+3 1
-3 1
+3 1
-3 1
+3 3
cfi=(50)
cfn=(168)
calls=1 149 
* 5076
+1 4
+2 2
+8 1
cfi=(7)
cfn=(272)
calls=1 260 
* 1
+4 3
+20 3
cfi=(30)
cfn=(88)
calls=1 50 
* 8
+1 1
-1 1
+2 1
cfi=(30)
cfn=(92)
calls=1 74 
* 1
+1 1
+4 1
cfi=(47)
cfn=(274) _dl_unload_cache
calls=1 325 
* 15
+5 8
2093 1
+11 1
-7 1
-4 1
+4 3
+4 2
+3 1
1750 2
1311 4
+6 1
cfi=(11)
cfn=(62)
calls=1 45 
* 94
* 2
1711 5
+1 1
-1 3
+4 3
+1 1
+1 2
+1 2

fn=(162)
680 1
+6 1
-6 1
+2 2
+4 1
+10 4
cfi=(19)
cfn=(42)
calls=1 92 
* 27
* 1
+11 1
-15 1
+3 1
+6 1
+2 1
-11 1
+15 1
+2 1
-1 1
+1 10
+2 8
+4 1
+2 1
-2 2
-5 8
+9 3
+3 1
cfi=(31)
cfn=(164)
calls=1 144 
* 66
+7 1
cfi=(31)
cfn=(166)
calls=1 338 
* 435
+1 1
-1 1
+1 1
+6 1
+3 1
-3 1
+3 6
+3 1
+3 3

fn=(154)
620 2
+2 4
cfi=(49)
cfn=(156)
calls=1 380 
* 3001
* 2
+4 2

fn=(104)
587 1
+2 1
-2 1
+3 2
-1 3
+1 3
cfi=(24)
cfn=(106)
calls=1 2149 
* 2258
* 1
+2 2

fl=(95)
fn=(376)
178 8
+4 3
+1 4
+1 12
+1 2
-2 6
+5 2
+4 7

fl=(20)
fn=(48)
131 17
+2 17
+1 17
+1 13
+1 13
+5 9
+1 9
+1 9
+1 9
+5 9
271 4
+1 4
+1 1
+1 1
+1 1
+1 1
+1 1
+1 1
+1 1
+2 1
+22 3
+1 3
+1 3
+1 3
+1 3
+24 4
+1 4
+1 4
+1 4
+2 1
+1 1
+1 1
+1 1
+1 1
+1 1
+1 1
+1 1
+1 1
+1 1
+1 1
+1 1
+1 1
+1 1
+1 1
+1 1
+2 1
+3 3
+1 3
+1 3
+1 3
+1 3
+1 3
+1 3
+1 3
+2 3

fn=(72)
117 98
+1 98
+1 98
+14 98
+1 98
+1 16
+1 16
+5 15
+1 15
+1 15
+1 15
+5 15
271 82
+1 82
+1 22
+1 22
+1 9
+1 9
+1 7
+4 7
+22 60
+1 60
+1 60
+1 60
+1 60
+3 13
+1 13
+1 13
+1 13
+1 13
+3 2
+1 2
+1 2
+1 2
+1 2
+10 1
+1 1
+1 1
+1 1
+22 1
+1 1
+1 1
+1 1
+1 1
+1 1
+1 1
+1 1
+2 1

fl=(6)
fn=(180) check_match
92 752
+3 658
+12 564
+3 492
cfi=(21)
cfn=(56)
calls=29 +34 
* 1346
* 58
+5 94
-1 94
+1 94
+2 186
+19 186
+1 744
+46 94
-7 94
+7 470
-18 2
+2 2
+1 1
-1 2
+1 3
-1 2
-29 279
cfi=(21)
cfn=(56)
calls=93 +6 
* 4923
* 279

fn=(176)
810 1040
572 104
810 520
572 520
+1 104
-1 104
+1 312
-1 312
+1 1289
-1 1289
+1 3867
-1 3971
813 104
-1 104
+4 104
+4 104
-8 104
+1 104
+7 290
+7 104
-2 104
+2 104
-2 104
+6 104
-7 104
+7 208
-7 936
+15 10
-8 50
+2 1352
cfn=(178) do_lookup_x
calls=104 355 
* 44243
+3 312
+26 312
+21 94
+1 658
+31 94
+9 376
+14 282
+3 376
+5 94
+2 936
-84 70
+15 10
+1 20
+59 2

fn=(178)
355 728
+1 104
-1 520
+48 104
-30 104
-11 104
+41 104
+3 208
-3 208
-30 416
+33 416
-40 208
+3 208
-3 450
+3 450
+4 658
+4 658
+4 658
+6 987
+8 329
-4 329
+1 329
+3 658
+1 987
+3 329
+1 658
+4 658
+3 329
-5 329
+5 987
+3 2303
-99 235
557 1628
+1 100
cfi=(35)
cfn=(108)
calls=50 284 
* 5414
* 150
+3 705
+3 10
+1 832
-96 188
fi=(51)
102 282
fe=(6)
520 188
+3 712
+4 30
+12 188
+1 94
+1 188
414 400
-1 200
+2 200
+2 1300
+13 309
-10 985
+2 188
+1 470
-1 94
+2 94
-1 188
+1 94
-1 282
-1 94
+1 282
cfn=(180)
calls=94 92 
* 11419
+4 282
+34 12
267 42
439 846

fn=(10)
959 12
+4 4
+4 8
+2 4
-1 4
+3 12
+1 4
+1 4
+3 4
-3 4
+7 4
-4 4
-1 4
+3 4
+2 4
-7 4
+7 8

fl=(12)
fn=(22)
31 7
+8 1
-6 2
+7 1

fl=(30)
fn=(88)
50 8
+5 6
+5 2
-1 1
+1 2
+1 2
-1 1
+4 1
-13 4
+4 8
+4 1
-1 1
+1 4

fn=(92)
74 2

fl=(13)
fn=(28)
79 20
+1 20
+1 20
+1 20
+1 20
+1 20
+1 20
+2 20
+2 20
+31 20
+1 20
+1 20
+1 20
+1 20
+1 5
+2 5
+4 15
+1 15
+1 15
+1 15
+1 15
+1 15
+1 15
+1 15
+1 15
+1 15
+1 15
+1 15
+5 118
+74 1
+1 1
+1 1
+1 1
+1 1
+1 1
+1 1
+1 1
+2 1
+2 1
+1 1
+1 1
+1 1
+1 1
+1 1
+1 1
+1 1
+7 1
+1 14
+2 1
+1 1
+1 1
+2 1

fl=(47)
fn=(274)
325 4
-1 1
+3 2
cfi=(42)
cfn=(276)
calls=1 84 
* 5
+1 1
+2 2

fn=(142)
186 9
+8 2
+3 3
+51 2
+11 1
-2 1
fi=(48) /build/glibc-itYbWN/glibc-2.26/elf/../sysdeps/x86/dl-procinfo.h
39 1
fe=(47)
257 1
fi=(48)
39 1
fe=(47)
257 2
fi=(48)
39 1
+3 3
cfi=(21)
cfn=(56)
calls=1 144 
* 24
* 2
fe=(47)
263 4
cfi=(9)
cfn=(26)
calls=1 379 
* 17
* 1
+2 2
-2 1
+2 1
cfi=(26)
cfn=(70)
calls=1 27 
* 9
* 1
+4 1
-4 1
+4 1
+15 158
cfn=(148) _dl_cache_libcmp
calls=10 139 
* 713
* 72
cfn=(148)
calls=1 139 
* 71
* 6
cfn=(148)
calls=1 139 
* 144
* 35
+16 2
+4 2
+8 3
cfi=(13)
cfn=(28)
calls=1 79 
* 34
* 2
+1 1
-1 4
+1 2
cfi=(20)
cfn=(48)
calls=1 131 
* 10
+1 2
cfi=(29)
cfn=(82)
calls=1 40 
* 80
+1 8
200 4
cfi=(35)
cfn=(144) _dl_sysdep_read_whole_file
calls=1 45 
* 107
+8 1
-8 1
+8 4
+1 4
cfi=(16)
cfn=(36)
calls=1 24 
* 38
* 2
+7 1
-3 1
+3 3
+3 1
+1 2
-1 1
+1 1
+1 4
cfi=(16)
cfn=(36)
calls=1 24 
* 32
* 2
fi=(48)
42 3
fe=(47)
296 2
-27 4
+1 3
-1 4

fn=(148)
139 36
+1 28
+2 126
+2 63
-2 63
+2 4
+6 2
+2 2
-1 2
-1 2
+1 2
+1 8
+2 10
+2 4
+6 122
+2 224
+4 51
+1 51
-29 102
+32 6
-7 20

fl=(35)
fn=(108)
284 320
+1 128
cfi=(21)
cfn=(56)
calls=64 144 
* 2582
* 64
+1 64
-1 64
+3 64
+2 128
+4 65
-4 130
+1 204
cfi=(21)
cfn=(56)
calls=68 144 
* 2776
* 136
-5 3
+11 76
-1 61
+1 244

fn=(144)
45 2
+3 1
-3 3
+3 1
-3 3
+3 1
cfi=(36)
cfn=(112)
calls=1 -16 
* 16
+1 2
+2 5
cfi=(39)
cfn=(120)
calls=1 -17 
* 9
* 2
+2 1
+3 1
-3 1
+3 1
+13 2
cfi=(44)
cfn=(132)
calls=1 -43 
* 6
+3 7
-14 6
cfi=(40)
cfn=(122)
calls=1 -14 
* 35
* 2

fl=(15)
fn=(34)
30 3
+3 10
+13 76
-13 228
+2 156
+1 42
+5 2
-3 2
+3 2
+2 2
+7 1

ob=(5)
fl=(123) /home/pierre/Documents/prog/C/Sokoban/src/sokoban.c
fn=(566) box_add_moves
247 750
+1 875
cfn=(568) box_explore_move
calls=125 -18 
* 192312
+1 875
cfn=(568)
calls=125 -19 
* 251326
+1 875
cfn=(568)
calls=125 -20 
* 253317
+1 875
cfn=(568)
calls=125 -21 
* 198907
+1 375
cfn=(562) sokoban_unapply
calls=125 42 
* 52000
+1 375

fn=(610) sokomem_has
128 169488936
+1 197737092
cfi=(124) /home/pierre/Documents/prog/C/Sokoban/src/array_list.c
cfn=(612) list_get
calls=28248156 -37 
* 8242760365
* 28248156
+1 56496312
+1 4235484
cfn=(606) sokomem_empty
calls=1411828 -15 
* 781162468
* 1411828
+1 8470968
cfi=(124)
cfn=(520) list_add
calls=1411828 15 
* 127026315
+1 2823656
+1 2823656
+2 26836328
+2 56496312

fn=(616) sokoban_add_moves
66 8252531
+1 11789330
cfn=(618) sokoban_explore_move
calls=1178933 -13 
* 8565447020
+1 11789330
cfn=(618)
calls=1178933 -14 
* 7961970008
+1 11789330
cfn=(618)
calls=1178933 -15 
* 8020205342
+1 11789330
cfn=(618)
calls=1178933 -16 
* 9093570450
+1 3536799
cfn=(562)
calls=1178933 -29 
* 490436128
+1 3536799

fn=(542) sokoban_apply
34 18862944
+1 9431472
+1 226355328
cfi=(124)
cfn=(544) list_at
calls=37725888 +21 
* 641340096
* 37725888
+1 1094050752
-2 292375632
+4 136756344
+1 14147208

fn=(618)
54 42441588
+1 14147196
cfn=(542)
calls=4715732 -21 
* 2471043568
+1 56588784
cfn=(620) move_is_valid
calls=4715732 198 
* 260536662
* 9431464
+1 37664196
cfn=(622) sokoban_make_move
calls=3138683 +32 
* 265383487
+1 28248147
cfn=(516) sokoban_create
calls=3138683 -47 
* 16893367982
* 3138683
+1 15693415
cfn=(608) sokoban_explored
calls=3138683 +82 
* 11047640154
* 6277366
+1 6218195
cfi=(124)
cfn=(520)
calls=1243639 -45 
* 81723240
+3 14147196
cfn=(562)
calls=4715732 -21 
* 2373354301
+1 14147196

fn=(516)
11 21970788
+1 6277368
cob=(3)
cfi=(90)
cfn=(352)
calls=3138684 3062 
* 340454904
* 3138684
* 3138684
+1 9416052
+1 18832104
+1 3138684
cfi=(124)
cfn=(518) list_init
calls=3138684 -8 
* 1493410333
* 9416052
+1 9416052
+1 6277368
+1 50218944
+1 2636494560
+1 50218944
cob=(3)
cfi=(90)
cfn=(352)
calls=25109472 3062 
* 5621903635
* 25109472
* 25109472
+1 75328416
+1 75328416
+1 150656832
cfi=(124)
cfn=(520)
calls=25109472 -8 
* 1998923539
+1 627736800
+1 2636494560
+1 18832104
+1 78467100
-9 778393632
-1 109853940
+14 3138684
+1 6277368

fn=(564) sokoban_is_legal
257 145
+1 29
cfi=(124)
cfn=(518)
calls=29 7 
* 10436
* 29
+1 145
cfi=(124)
cfn=(520)
calls=29 15 
* 812
+1 58
+1 745
cfi=(124)
cfn=(544)
calls=149 57 
* 2533
* 149
+1 2533
+1 48
+2 750
cfn=(566)
calls=125 -18 
* 952862
-5 895
+7 10
cob=(3)
cfi=(129) /build/glibc-itYbWN/glibc-2.26/libio/ioputs.c
cfn=(584) puts
calls=5 33 
* 2430
* 5
+1 20
cfi=(124)
cfn=(592) list_free
calls=5 76 
* 1735
+1 5
+1 58

fn=(568)
230 4000
+1 18774
+1 580
cob=(3)
cfi=(90)
cfn=(352)
calls=290 3062 
* 64626
* 290
* 290
+1 1740
+1 1740
+1 1740
cfi=(124)
cfn=(600) list_contains
calls=290 83 
* 123587
* 580
+1 830
cfi=(124)
cfn=(520)
calls=166 15 
* 15001
-5 166
+7 248
cob=(3)
cfi=(129)
cfn=(584)
calls=124 33 
* 47244
* 124
-7 124
+12 3570
-2 210
+2 420
-2 420
+2 420
-2 420
+1 3570
-1 210
+1 420
-1 420
+1 420
-1 1470
cob=(3)
cfi=(127) /build/glibc-itYbWN/glibc-2.26/stdio-common/printf.c
cfn=(572) printf
calls=210 28 
* 600288
* 210
* 210
+4 1500

fn=(596) pos_destroy
272 20
+1 10
+1 15
cob=(3)
cfi=(90)
cfn=(506)
calls=5 3107 
* 470
* 5
+1 15

fn=(614) sokoban_is_final
161 4715736
+1 2357868
+1 27088494
cfi=(124)
cfn=(544)
calls=4514749 57 
* 76750733
* 4514749
+1 76750733
+1 2357866
-3 30424316
+6 1
+1 2357868

fn=(622)
89 15693415
+1 47080245
+1 9259725
+1 2592723
+1 2592723
+1 9259725
+2 10741281
+1 9259725
+1 740778
-2 80280526
+1 69207350
+1 8675271

fn=(540) sokoban_print
175 16
+1 12
cfn=(542)
calls=4 34 
* 2096
+1 8
+1 64
+1 3360
+1 8
cob=(3)
cfi=(125) /build/glibc-itYbWN/glibc-2.26/libio/putchar.c
cfn=(548) putchar
calls=4 25 
* 360
* 4
* 4
+1 3300
+1 64
cob=(3)
cfi=(125)
cfn=(548)
calls=32 25 
* 2880
* 32
* 32
+1 2820
+1 48
cob=(3)
cfi=(125)
cfn=(548)
calls=24 25 
* 2160
* 24
* 24
+1 2460
+1 224
cob=(3)
cfi=(125)
cfn=(548)
calls=112 25 
* 10570
* 112
* 112
+1 780
+1 20
cob=(3)
cfi=(125)
cfn=(548)
calls=10 25 
* 900
* 10
* 10
+2 84
cob=(3)
cfi=(125)
cfn=(548)
calls=42 25 
* 3780
* 42
-12 1248
+15 64
cob=(3)
cfi=(125)
cfn=(548)
calls=32 25 
* 6528
* 32
-16 176
+18 12
cfn=(562)
calls=4 42 
* 2708
+1 12

fn=(562)
42 23579176
+1 11789588
+1 282950112
cfi=(124)
cfn=(544)
calls=47158352 +13 
* 801691984
* 47158352
+1 801691984
+1 365876296
-3 365477228
+6 100211498
+1 45734537
+2 17684382

fn=(620)
198 23578660
+1 122609032
+1 2107898
+1 54926745
+1 6254423
+1 6254423
+1 32605723
+2 2768294
+2 9431464

fn=(606)
116 5647316
+1 2823658
cob=(3)
cfi=(90)
cfn=(352)
calls=1411829 3062 
* 321619132
* 1411829
* 1411829
+1 4235487
+1 1411829
cfi=(124)
cfn=(518)
calls=1411829 7 
* 434131136
* 4235487
+1 1411829
+1 2823658

fn=(608)
141 25109472
+1 3138684
+1 6277368
+1 6277368
+1 150656832
cfi=(124)
cfn=(544)
calls=25109472 -88 
* 426861024
* 25109472
+2 326423136
cfn=(610)
calls=25109472 -19 
* 7616950103
* 25109472
+1 75328416
+1 168188
-5 194598408
+8 9416052
+2 34525524
cfn=(610)
calls=3138684 -26 
* 2089067773
* 3138684
+1 9416052
+1 1243640
+2 1243640
+1 3730920
-1 1895044
+1 11962500

fn=(602) pos_compare
225 8780
+1 8780
+1 18597
+1 4390

fn=(538) sokoban_parse_illegals
277 4
+1 3
cfn=(540)
calls=1 175 
* 12107
+1 2
cob=(3)
cfi=(90)
cfn=(352)
calls=1 3062 
* 453
* 1
* 1
+1 2
+1 2
+1 5
cfn=(564)
calls=1 -25 
* 13684
+1 2
+1 16
+1 112
cob=(3)
cfi=(90)
cfn=(352)
calls=56 3062 
* 10698
* 56
* 56
+1 168
+1 168
+1 840
+1 140
cfn=(564)
calls=28 -32 
* 962748
* 56
+1 100
-6 312
-1 44
+12 3
cfn=(540)
calls=1 175 
* 11620
+1 3

fn=(624) sokomem_cmp
124 600931316
+1 1051629803
+1 300465658

fl=(84)
fn=(432) read_file
0 11
cob=(3)
cfi=(111) /build/glibc-itYbWN/glibc-2.26/libio/iofopen.c
cfn=(436) fopen@@GLIBC_2.2.5
calls=1 97 
0 586
0 1
0 7
cob=(3)
cfi=(115) /build/glibc-itYbWN/glibc-2.26/stdio-common/isoc99_fscanf.c
cfn=(458) __isoc99_fscanf
calls=1 26 
0 1121
0 1
0 6
cob=(3)
cfi=(115)
cfn=(458)
calls=1 26 
0 691
0 1
0 9
cob=(3)
cfi=(90)
cfn=(352)
calls=1 3062 
0 224
0 1
0 563
cob=(3)
cfi=(115)
cfn=(458)
calls=56 26 
0 35609
0 56
0 230
cob=(3)
cfi=(122) /build/glibc-itYbWN/glibc-2.26/libio/iofclose.c
cfn=(494) fclose@@GLIBC_2.2.5
calls=1 39 
0 569
0 1
0 6
cfi=(123)
cfn=(516)
calls=1 11 
0 5509
0 5

fn=(536) bfs
0 7
cfi=(123)
cfn=(538)
calls=1 277 
0 1013406
0 2
cob=(3)
cfi=(129)
cfn=(584)
calls=1 33 
0 395
0 1
0 3
cfi=(123)
cfn=(540)
calls=1 175 
0 11620
0 2
cob=(3)
cfi=(129)
cfn=(584)
calls=1 33 
0 405
0 1
0 1
cfi=(124)
cfn=(518)
calls=1 7 
0 286
0 3
cfi=(123)
cfn=(606)
calls=1 116 
0 722
0 3
cob=(3)
cfi=(129)
cfn=(584)
calls=1 33 
0 392
0 1
0 5
cfi=(123)
cfn=(608)
calls=1 141 
0 7618
0 5
cfi=(124)
cfn=(520)
calls=1 15 
0 28
0 2
cob=(3)
cfi=(129)
cfn=(584)
calls=1 33 
0 366
0 1
0 5894672
cfi=(124)
cfn=(544)
calls=1178934 57 
0 20041878
0 4715736
cfi=(123)
cfn=(614)
calls=1178934 161 
0 227318364
0 2357873
cob=(3)
cfi=(127)
cfn=(572)
calls=1 28 
0 950
0 1
0 3
cfi=(123)
cfn=(540)
calls=1 175 
0 11853
0 7073599
cfi=(123)
cfn=(616)
calls=1178933 66 
0 34194112397
0 16505122
cob=(3)
cfi=(127)
cfn=(572)
calls=12 28 
0 10666
0 12
0 72
cob=(3)
cfi=(127)
cfn=(572)
calls=12 28 
0 10906
0 12
0 7074023
cfi=(124)
cfn=(544)
calls=59 57 
0 1003
0 420
cob=(3)
cfi=(127)
cfn=(572)
calls=1 28 
0 599
0 1
0 3

fn=(642)
0 8
cob=(2)
cfi=(18)
cfn=(648)
calls=1 0 
0 63
0 1
cfn=(656) 0x00000000000009a0
calls=1 0 
0 9
0 3

fn=(328) __libc_csu_init
0 15
cob=(2)
cfi=(18)
cfn=(330)
calls=1 0 
0 6
0 8
cfn=(334) 0x0000000000000a70
calls=1 0 
0 17
0 11

fn=(348) main
0 9
cob=(3)
cfi=(90)
cfn=(352)
calls=1 3062 
0 61715
0 1
0 6
cob=(3)
cfi=(100) /build/glibc-itYbWN/glibc-2.26/stdlib/atoi.c
cfn=(400) atoi
calls=1 26 
0 132
0 1
0 6
cob=(3)
cfi=(103) /build/glibc-itYbWN/glibc-2.26/stdio-common/sprintf.c
cfn=(408) sprintf
calls=1 27 
0 739
0 1
0 3
cfn=(432)
calls=1 0 
0 45207
0 2
cfn=(536)
calls=1 0 
0 34486165440
0 4

fn=(656)
0 9

fn=(320)
0 11
cob=(3)
cfi=(85) /build/glibc-itYbWN/glibc-2.26/csu/../csu/libc-start.c
cfn=(322) (below main)
calls=1 139 
0 34486274615

fn=(334)
0 17

fl=(124)
fn=(600)
83 1740
+1 580
+1 10975
cfn=(544)
calls=2195 -28 
* 37315
* 13170
cfi=(123)
cfn=(602)
calls=2195 225 
* 40547
* 4390
+1 248
-2 13876
+5 166
+1 580

fn=(520)
15 138825675
+1 166590810
+1 14379656
cfn=(522) list_reserve
calls=3594914 +35 
* 1415885499
+2 249886215
+1 138825675
+1 83295405

fn=(522)
52 17974570
+1 39544054
cob=(3)
cfi=(90)
cfn=(526) realloc
calls=3594914 3151 
* 1311632993
* 3594914
* 10784742
+1 21569484
+1 10784742

fn=(544)
57 1463794775
+1 1171035820
+7 1756553730
+1 585517910

fn=(612)
92 169488936
+1 56496312
+1 751164145
cfn=(544)
calls=150232829 -37 
* 2553958093
* 901396974
cfi=(123)
cfn=(624)
calls=150232829 +30 
* 1953026777
* 300465658
+1 134181640
cfn=(544)
calls=26836328 -38 
* 456217576
* 26836328
-2 881619786
+5 1411828
+1 56496312

fn=(592)
76 25
+1 25
cfn=(594) list_clear
calls=5 +25 
* 685
+1 20
cob=(3)
cfi=(90)
cfn=(506)
calls=5 3107 
* 470
* 5
+1 15
cob=(3)
cfi=(90)
cfn=(506)
calls=5 3107 
* 470
* 5
+1 15

fn=(518)
7 13651629
+1 9101086
cob=(3)
cfi=(90)
cfn=(352)
calls=4550543 3062 
* 1036900511
* 4550543
* 4550543
+1 9101086
+1 9101086
cob=(3)
cfi=(90)
cfn=(352)
calls=4550543 3062 
* 799640820
* 4550543
* 13651629
+1 9101086
+1 4550543
+1 9101086

fn=(594)
102 25
+1 10
+1 45
cfi=(123)
cfn=(596)
calls=5 272 
* 535
-1 45
+3 10
+1 15

ob=(3)
fl=(69)
fn=(234)
32 4
-2 2
+2 4
-2 4
+5 2
-1 8
fi=(141) /build/glibc-itYbWN/glibc-2.26/wcsmbs/../sysdeps/x86_64/multiarch/wmemset.c
-3 2
fe=(69)

fl=(120) /build/glibc-itYbWN/glibc-2.26/io/../sysdeps/unix/sysv/linux/read.c
fn=(482) read
26 8
+1 1

fl=(53)
fn=(254)
33 4
+3 4
fi=(142) /build/glibc-itYbWN/glibc-2.26/string/../sysdeps/x86_64/multiarch/stpncpy.c
-5 1
fe=(53)

fn=(228)
33 4
+3 4
fi=(143) /build/glibc-itYbWN/glibc-2.26/string/../sysdeps/x86_64/multiarch/strcpy.c
-7 1
fe=(53)

fn=(186)
33 4
+3 4
fi=(144) /build/glibc-itYbWN/glibc-2.26/string/../sysdeps/x86_64/multiarch/strncpy.c
-6 1
fe=(53)

fn=(256)
33 4
+3 4
fi=(145) /build/glibc-itYbWN/glibc-2.26/string/../sysdeps/x86_64/multiarch/stpcpy.c
-2 1
fe=(53)

fn=(192)
33 4
+3 4
fi=(146) /build/glibc-itYbWN/glibc-2.26/string/../sysdeps/x86_64/multiarch/strcat.c
-7 1
fe=(53)

fl=(63)
fn=(212)
38 4
+1 3
+9 1

fl=(59) /build/glibc-itYbWN/glibc-2.26/elf/../sysdeps/unix/sysv/linux/dl-vdso.c
fn=(200) _dl_vdso_vsym
26 20
+1 8
+4 8
+18 20
-21 4
+20 4

fl=(111)
fn=(438) __fopen_internal
61 6
+8 1
-8 2
+8 1
cob=(2)
cfi=(18)
cfn=(440)
calls=1 -69 
* 222
+2 3
+3 1
+3 4
-3 1
+3 2
cfi=(105) /build/glibc-itYbWN/glibc-2.26/libio/genops.c
cfn=(412) _IO_no_init
calls=1 633 
* 61
+4 1
+1 1
-1 1
+1 1
cfi=(112) /build/glibc-itYbWN/glibc-2.26/libio/fileops.c
cfn=(442) _IO_new_file_init_internal
calls=1 +62 
* 100
+4 5
cfi=(112)
cfn=(446) _IO_file_fopen@@GLIBC_2.2.5
calls=1 257 
* 158
* 1
+1 1
-1 1
+6 5
-5 1
cfn=(454) __fopen_maybe_mmap
calls=1 -46 
* 4

fn=(436)
97 2
cfn=(438)
calls=1 -36 
* 584

fn=(454)
41 1
-2 1
+2 1
+15 1

fl=(65)
fn=(216)
42 5
+4 2
-1 2
+12 2
+2 5

fl=(131) /build/glibc-itYbWN/glibc-2.26/misc/../sysdeps/unix/sysv/linux/mmap64.c
fn=(626) mmap
44 2892
+3 1446
-6 14460
+6 4338
+5 14460
+2 10122
-7 2892

fl=(110) /build/glibc-itYbWN/glibc-2.26/stdio-common/_itoa.c
fn=(430) _itoa_word
168 5148
+2 2574
+9 19530
+9 2574

fl=(117) /build/glibc-itYbWN/glibc-2.26/libio/filedoalloc.c
fn=(470) _IO_file_doallocate
78 16
+6 8
fi=(119) /build/glibc-itYbWN/glibc-2.26/libio/libioP.h
938 6
+2 4
+1 4
fe=(117)
84 6
cfi=(112)
cfn=(472) _IO_file_stat
calls=2 1221 
* 26
* 4
+2 8
+11 8
+4 4
cob=(2)
cfi=(18)
cfn=(440)
calls=2 0 
* 555
* 2
+2 2
-1 4
+2 8
cfi=(105)
cfn=(418) _IO_setb
calls=2 380 
* 36
+1 2
+1 16
-15 1
fi=(147) /build/glibc-itYbWN/glibc-2.26/libio/../misc/sys/sysmacros.h
-12 6
fe=(117)
+12 1
-2 2
+5 2

fl=(113) /build/glibc-itYbWN/glibc-2.26/io/../sysdeps/unix/sysv/linux/open64.c
fn=(450) open
29 4
+3 1
-3 1
+3 6
+14 10
+2 5

fl=(137) /build/glibc-itYbWN/glibc-2.26/nptl/unregister-atfork.c
fn=(652) __unregister_atfork
28 8
+8 2
-8 6
+11 4
+82 12

fl=(54)
fn=(224)
32 5
fi=(67) /build/glibc-itYbWN/glibc-2.26/string/../sysdeps/x86_64/multiarch/strncase.c
-1 1
fe=(54)

fn=(188)
32 5
fi=(55) /build/glibc-itYbWN/glibc-2.26/string/../sysdeps/x86_64/multiarch/strcasecmp.c
-1 1
fe=(54)

fn=(244)
32 5
fi=(71) /build/glibc-itYbWN/glibc-2.26/string/../sysdeps/x86_64/multiarch/strcasecmp_l.c
-1 1
fe=(54)

fn=(260)
32 5
fi=(72) /build/glibc-itYbWN/glibc-2.26/string/../sysdeps/x86_64/multiarch/strncase_l.c
-1 1
fe=(54)

fl=(82)
fn=(312) handle_intel.constprop.1
259 21
+2 3
-2 9
+5 9
+8 3
+1 3
-3 3
+5 12
+18 18
cfn=(314) intel_check_word.isra.0
calls=3 132 
* 1002
+2 6
+3 21
cfn=(314)
calls=3 132 
* 353
+2 6
-19 6
+5 3
-5 9
+5 3
+2 3
+1 3
-1 6
+31 33

fn=(314)
132 12
+6 6
-10 30
+10 24
-10 6
+10 6
+2 6
-2 6
+2 18
+2 6
+2 12
-2 9
+2 18
+8 30
+51 24
+22 12
fi=(83) /build/glibc-itYbWN/glibc-2.26/string/../bits/stdlib-bsearch.h
28 12
-1 24
+4 24
+1 12
fe=(82)
+87 24
fi=(83)
-88 18
+1 9
fe=(82)
+87 39
+3 81
fi=(83)
-93 66
+2 66
-2 66
+2 120
+1 60
fe=(82)
+87 120
250 12
140 24
-6 3
255 36
fi=(83)
37 15
-8 36
fe=(82)
164 9
+3 9
+4 6
+2 6
+1 6
-1 6
+1 8
+2 4
-1 4
+1 6
-12 4
+12 4
+1 18
+1 14
+1 10
+17 5
-32 15
+3 15
+4 10
+2 20
+1 10
+1 10
+1 10
+5 3
+2 6
+2 3
+2 3
+1 3
-3 3
+2 3
-1 3
+1 3
-2 3
+3 3
-2 9
+2 9

fn=(310)
488 7
+14 4
758 2
+2 1
+1 1
+2 1
-3 1
+5 1
-5 1
+4 3
+4 3
+3 2
+2 1
+1 1
+2 1
-3 1
+5 1
-5 1
+4 3
+9 1
+2 8
-2 1
+3 8
504 1
-4 1
+4 1
cfn=(312)
calls=1 259 
* 460
+2 1
-2 1
+2 1
cfn=(312)
calls=1 259 
* 523
+5 1
-5 1
+5 1
cfn=(312)
calls=1 259 
* 552
+8 1
-8 1
+8 1
+11 1
-20 1
+25 3
+4 2
+8 6
+3 2
+9 6
+14 2
+4 1
+3 1
+1 1
-4 1
+3 1
-3 1
+3 1
+6 7
-36 9
+6 6
-6 3
+6 2
+3 20
+5 2
+4 1
+1 1
-1 3
691 4
+1 5
+4 2
+59 3
592 2
+8 8
+2 3
+4 2
-4 1
-2 1
+4 1
+23 4
-23 6
+2 6
+2 2
+1 2
+1 8
+2 4
+3 2
+5 1
+2 2
+1 1
-1 1
+2 1
-2 1
+1 2
+7 2
+4 2
+3 1
+2 2
+1 1
-1 2
+1 1
+5 2
+6 2
+1 2
+2 1
-1 1
+1 1
+22 2

fl=(103)
fn=(408)
27 10
+4 1
+1 1
-1 5
+1 1
cfi=(104) /build/glibc-itYbWN/glibc-2.26/libio/iovsprintf.c
cfn=(410) vsprintf
calls=1 * 
* 716
+4 5

fl=(105)
fn=(414) _IO_old_init
604 2
-2 2
+1 2
-1 2
+2 4
+16 2
-14 2
+1 2
+13 2
+5 2
-17 2
+1 2
+1 2
+1 2
+14 2
-13 2
+1 2
+1 2
+2 2
+1 2
+1 2
+1 2
+6 2
+1 5

fn=(418)
380 12
+1 18
+3 4
+2 16
-3 4
+3 8
+3 15
-7 1
cob=(2)
cfi=(18)
cfn=(504)
calls=1 0 
* 154
* 5

fn=(464) _IO_default_uflow
412 2
fi=(119)
938 2
fe=(105)
412 2
+1 1
fi=(119)
938 1
+2 2
+1 2
fe=(105)
413 2
cfi=(112)
cfn=(466) _IO_file_underflow@@GLIBC_2.2.5
calls=1 531 
* 416
+1 2
+2 4
+1 4

fn=(500) _IO_unsave_markers
1081 1
+2 1
-2 1
+2 1
+19 3
+2 2

fn=(684) _IO_flush_all_lockp
794 11
+6 2
fi=(119)
938 2
fe=(105)
800 1
+11 1
fi=(119)
938 2
fe=(105)
810 3
-1 3
+1 3
+3 9
+7 1
fi=(119)
940 3
+1 2
fe=(105)
820 3
cfi=(112)
cfn=(552) _IO_file_overflow@@GLIBC_2.2.5
calls=1 -20 
* 129
+1 3
+2 6
+4 3
-2 3
+2 6
+7 3
-7 3
-20 6
+31 2
+2 3
+4 12
-38 1
-1 1
-5 1
+7 2
+6 11

fn=(412)
633 18
+1 2
cfn=(414)
calls=2 -30 
* 53
+3 2
-2 2
+2 2
+2 1
+1 1
+1 1
+1 1
+1 1
+1 1
+1 1
+1 1
+1 1
+1 1
+1 1
+1 1
+2 1
+7 1
+1 6
-1 1
+1 6
-3 2

fn=(468) _IO_doallocbuf
395 4
-1 6
+3 8
+1 2
fi=(119)
938 6
+2 4
+1 4
fe=(105)
398 4
cfi=(117)
cfn=(470)
calls=2 78 
* 731
* 4
+3 8

fn=(478) _IO_switch_to_get_mode
175 4
+1 3
+3 3
+5 1
-1 2
+1 1
+7 1
-4 1
+2 2
+2 1
+1 1
+1 4

fn=(550) __overflow
228 786
+2 1179
+1 1
+1 1
fi=(119)
938 3
+2 2
+1 2
fe=(105)
232 392
fi=(119)
938 1176
+2 784
+1 784
fe=(105)
232 393
+1 786
-1 393
cfi=(112)
cfn=(552)
calls=393 800 
* 32268

fn=(462) __uflow
350 3
-2 4
+8 5
+3 2
+2 2
+6 2
+7 1
fi=(119)
938 3
+2 2
+1 2
fe=(105)
374 1
+1 1
-1 1
+1 2
-1 1
cfn=(464)
calls=1 +38 
* 440
-24 2
+22 3

fn=(682) _IO_cleanup
982 2
+3 1
-3 5
+3 1
cfn=(684)
calls=1 794 
* 241
-63 1
+63 1
-63 2
fi=(119)
+16 2
fe=(105)
-6 1
fi=(119)
+6 2
fe=(105)
-6 3
+8 5
+2 2
+2 1
+1 1
-1 1
+2 2
+3 1
fi=(119)
-9 2
+1 2
fe=(105)
+8 4
cfi=(112)
cfn=(690) _IO_file_setbuf@@GLIBC_2.2.5
calls=1 442 
* 83
+2 3
+4 2
+7 3
-40 9
+2 9
+2 6
+6 12
+65 9
-42 3
+1 8

fn=(692) _IO_default_setbuf
522 2
fi=(119)
938 1
fe=(105)
522 3
fi=(119)
938 1
fe=(105)
522 3
+1 1
fi=(119)
938 1
+2 2
+1 2
fe=(105)
523 2
cfi=(112)
cfn=(694) _IO_file_sync@@GLIBC_2.2.5
calls=1 860 
* 17
* 2
+9 1
-7 1
+7 1
-7 1
+10 2
+2 1
-2 1
+1 3
+2 6
381 1
527 1
+1 1
-1 1
+1 1
381 4
+7 1
-5 1
+1 1
+4 2

fn=(444) _IO_link_in
97 12
+1 6
+4 1
-2 3
+2 5
+1 11
+2 1
-1 1
-1 1
+2 1
-2 1
+2 14
+2 1
-2 1
+4 1
+2 1
-3 1
-1 1
+4 7
+2 1
-1 1
+1 8
+1 2
+3 14
-6 7

fn=(428) _IO_default_xsputn
425 6
-3 15
fi=(119)
938 3
fe=(105)
422 6
fi=(119)
938 9
fe=(105)
422 3
fi=(119)
938 9
fe=(105)
430 12
+2 9
+3 6
+10 9
+5 9
-1 6
+1 21
-1 14
+2 9
+2 3
+2 6
+4 3
+1 9
-1 3
+1 15

fn=(496) _IO_un_link
59 12
+1 4
+4 7
+1 10
+2 1
-2 1
+1 1
+1 1
-2 1
+2 1
-2 1
+2 15
+2 1
-2 1
+2 2
+2 2
+13 1
+2 1
-2 1
+2 8
+2 1
-1 1
+1 8
+1 2
+3 14
-6 7
-13 1
+1 1
-1 2

fn=(514) _IO_default_finish
673 4
+2 1
-2 3
+2 2
+6 3
+3 3
60 2
696 7

fn=(484) _IO_sputbackc
707 468
+3 351
+1 234
+9 117
+3 468
-10 468

fl=(101) /build/glibc-itYbWN/glibc-2.26/stdlib/../stdlib/strtol.c
fn=(486) __strtol_internal
98 174
cfi=(102) /build/glibc-itYbWN/glibc-2.26/stdlib/../stdlib/strtol_l.c
cfn=(404) ____strtol_l_internal
calls=58 226 
* 5918

fn=(402) strtol
106 4
cfi=(102)
cfn=(404)
calls=1 226 
* 122

fl=(104)
fn=(410)
32 2
+7 1
-7 3
+7 1
-7 3
+7 3
-2 1
-5 3
+7 1
cfi=(105)
cfn=(412)
calls=1 633 
* 47
+1 1
+1 4
-1 1
+1 1
cfi=(106) /build/glibc-itYbWN/glibc-2.26/libio/strops.c
cfn=(416) _IO_str_init_static_internal
calls=1 -5 
* 53
+1 4
cfi=(107) /build/glibc-itYbWN/glibc-2.26/stdio-common/vfprintf.c
cfn=(420) vfprintf
calls=1 1244 
* 572
* 1
+1 4
+2 10

fl=(107)
fn=(420)
1244 3318
+31 711
+8 711
+4 1185
+11 948
+11 237
fi=(148) /build/glibc-itYbWN/glibc-2.26/stdio-common/printf-parse.h
108 474
fe=(107)
1324 237
-15 1185
fi=(148)
108 237
cfi=(108) /build/glibc-itYbWN/glibc-2.26/string/../sysdeps/x86_64/multiarch/strchr-avx2.S
cfn=(424) __strchrnul_avx2
calls=237 -63 
* 4281
* 237
fe=(107)
1324 237
fi=(148)
108 237
fe=(107)
1320 237
+4 237
fi=(109) /build/glibc-itYbWN/glibc-2.26/stdio-common/../libio/libioP.h
938 237
fe=(107)
1328 237
fi=(109)
938 948
+2 474
+1 474
fe=(107)
1328 1422
cfi=(112)
cfn=(574) _IO_file_xsputn@@GLIBC_2.2.5
calls=236 -49 
* 31667
cfi=(105)
cfn=(428)
calls=1 425 
* 65
* 474
1696 1182
+1 2
+3 2844
1283 474
+41 1416
+1 3304
1696 1180
+1 472
1328 474
+4 237
-4 237
+4 474
+4 2844
1558 474
-21 474
1378 20592
-3 1287
-5 1287
-6 1287
+2 1287
-1 1287
-3 1287
+1 1287
-2 1287
+6 1287
+8 1287
-15 1287
-1 1287
-1 1287
-1 1287
+14 1287
+4 1287
-1 2574
1660 1287
+2 2574
+8 1287
fi=(148)
108 2574
fe=(107)
1670 1287
fi=(148)
108 1287
fe=(107)
1670 1287
fi=(148)
108 1287
cfi=(108)
cfn=(424)
calls=1287 -63 
* 25690
* 1287
fe=(107)
1674 1287
-4 1287
+4 3861
fi=(109)
940 3861
+1 2574
fe=(107)
1674 7722
cfi=(112)
cfn=(574)
calls=1286 1279 
* 139536
cfi=(105)
cfn=(428)
calls=1 425 
* 65
* 15444
+2 2811
-34 76089
fi=(109)
940 3861
+1 2574
fe=(107)
1642 7722
cfi=(112)
cfn=(574)
calls=1286 1279 
* 93199
cfi=(105)
cfn=(428)
calls=1 425 
* 55
* 27027
cfi=(110)
cfn=(430)
calls=1287 168 
* 29826
* 31872
+1 2574
-1 12894
cfi=(105)
cfn=(550)
calls=4 228 
* 200
* 868

fl=(118) /build/glibc-itYbWN/glibc-2.26/io/../sysdeps/unix/sysv/linux/wordsize-64/fxstat.c
fn=(474) _fxstat
34 4
+1 12
+4 2

fl=(52)
fn=(230)
44 5
+4 2
-1 2
+12 2
+2 5

fn=(184)
44 10
+4 4
-1 4
+12 4
+2 10

fn=(206)
44 5
+4 2
-1 2
+12 2
+2 5

fl=(61)
fn=(208)
33 4
-1 1
+2 1
-2 1
+2 2
+1 3
fi=(62) /build/glibc-itYbWN/glibc-2.26/string/../sysdeps/x86_64/multiarch/memcmp.c
-6 1
fe=(61)

fl=(56)
fn=(194)
32 1
-2 1
+2 2
-2 3
fi=(149) /build/glibc-itYbWN/glibc-2.26/string/../sysdeps/x86_64/multiarch/strrchr.c
-2 1
fe=(56)

fn=(202)
32 1
-2 1
+2 2
-2 3
fi=(150) /build/glibc-itYbWN/glibc-2.26/string/../sysdeps/x86_64/multiarch/rawmemchr.c
+1 1
fe=(56)

fn=(220)
32 2
-2 2
+2 4
-2 6
fi=(151) /build/glibc-itYbWN/glibc-2.26/string/../sysdeps/x86_64/multiarch/strnlen.c
+1 2
fe=(56)

fn=(240)
32 1
-2 1
+2 2
-2 3
fi=(152) /build/glibc-itYbWN/glibc-2.26/string/../sysdeps/x86_64/multiarch/strlen.c
-1 1
fe=(56)

fn=(242)
32 1
-2 1
+2 2
-2 3
fi=(153) /build/glibc-itYbWN/glibc-2.26/string/../sysdeps/x86_64/multiarch/memrchr.c
-1 1
fe=(56)

fn=(248)
32 1
-2 1
+2 2
-2 3
fi=(154) /build/glibc-itYbWN/glibc-2.26/string/../sysdeps/x86_64/multiarch/memchr.c
-1 1
fe=(56)

fn=(258)
32 1
-2 1
+2 2
-2 3
fi=(155) /build/glibc-itYbWN/glibc-2.26/string/../sysdeps/x86_64/multiarch/strchrnul.c
+1 1
fe=(56)

fl=(126) /build/glibc-itYbWN/glibc-2.26/io/../sysdeps/unix/sysv/linux/write.c
fn=(560) write
26 3248
+1 406

fl=(68)
fn=(232)
40 1
-2 1
+2 2
-2 2
+11 1

fl=(85)
fn=(322)
139 7
+4 1
-4 3
+4 4
+94 1
-94 1
+94 1
+1 4
cfi=(86) /build/glibc-itYbWN/glibc-2.26/stdlib/cxa_atexit.c
cfn=(324) __cxa_atexit
calls=1 57 
* 60
+22 4
+3 2
+1 5
cob=(5)
cfi=(84)
cfn=(328)
calls=1 0 
* 57
+4 4
+15 2
+12 2
cfi=(87) /build/glibc-itYbWN/glibc-2.26/setjmp/../sysdeps/x86_64/bsd-_setjmp.S
cfn=(342) _setjmp
calls=1 30 
* 29
+1 2
+5 2
+1 2
+3 2
+3 6
cob=(5)
cfi=(84)
cfn=(348)
calls=1 0 
* 34486273266
+34 2
cfi=(133) /build/glibc-itYbWN/glibc-2.26/stdlib/exit.c
cfn=(634) exit
calls=1 105 
* 1144
* 2

fl=(114) /build/glibc-itYbWN/glibc-2.26/string/../string/strstr.c
fn=(452) __GI_strstr
53 7
+10 3
+2 2
+1 1
+23 8
-26 1
-5 2

fl=(99) /build/glibc-itYbWN/glibc-2.26/malloc/hooks.c
fn=(528) realloc_hook_ini
37 9
+1 1
+1 1
-1 1
fi=(91) /build/glibc-itYbWN/glibc-2.26/malloc/arena.c
296 1
fe=(99)
39 1
fi=(91)
296 3
fi=(90)
3159 2
+4 2
+7 2
+6 1
+3 1
-5 1
+2 2
+2 2
+14 4
+1 2
+8 8
+2 2
fe=(99)
42 9
fi=(90)
3182 3
+1 3
+61 6
+2 5
cfn=(534) _int_realloc
calls=1 4549 
* 287
* 1
+2 4
+1 10
fe=(99)

fl=(106)
fn=(416)
36 8
+4 2
+6 5
cfi=(105)
cfn=(418)
calls=1 380 
* 18
+5 1
-3 1
+1 1
+1 1
+1 1
+2 1
+1 1
+1 1
+9 1
+1 6
-23 1
+1 4

fl=(102)
fn=(404)
226 118
+48 59
-48 295
+47 59
-47 59
+26 59
-26 59
+26 59
+31 236
+9 354
+2 118
+5 118
+5 59
-6 59
+6 59
+4 118
+10 96
+7 118
434 59
-56 59
+56 236
+26 59
+12 59
-11 59
+11 59
-11 118
+11 118
-36 180
-4 120
+2 60
-2 60
+2 239
+44 118
+5 177
+1 58
+5 118
+3 177
+33 472
328 295
-82 118
464 180
+3 300
+5 60
+1 240
310 22
490 118

fl=(112)
fn=(556) _IO_do_write@@GLIBC_2.2.5
486 1218
-2 4060
+11 812
+7 2842
+8 406
fi=(119)
940 812
+1 812
fe=(112)
510 1624
cfn=(558) _IO_file_write@@GLIBC_2.2.5
calls=406 1250 
* 18676
* 406
+1 2030
+6 406
-4 406
+4 406
-4 1218
+1 812
+3 406
-2 406
-29 1624
+1 3248
+29 812

fn=(694)
860 4
+5 4
+2 1
+1 2
+17 1
+4 1
-4 1
+4 3

fn=(448) _IO_file_open
222 6
+3 1
-3 1
+3 1
+4 3
cfi=(113)
cfn=(450)
calls=1 29 
* 27
+4 1
-4 1
+4 1
+3 1
-1 1
+1 2
+3 1
-3 2
+3 1
-3 1
+3 1
+10 2
cfi=(105)
cfn=(444)
calls=1 97 
* 16
+1 1
+1 4

fn=(552)
800 1902
+7 634
-8 3170
+8 3166
+35 1268
+3 786
+3 1179
+1 1179
+1 1965
+5 1572
-45 2
+12 2
+9 4
+8 1
-4 1
+3 2
-2 2
-3 1
+1 2
+5 1
-1 1
+1 3
+1 2
+12 330
-1 165
+1 165
-1 165
cfn=(556)
calls=165 486 
* 17655
* 330
-8 241
+1 241
+11 723
-12 241
cfn=(556)
calls=241 486 
* 25787
-31 2
cfi=(105)
cfn=(468)
calls=1 395 
* 461
+1 6

fn=(480) _IO_file_read
1208 4
cfi=(120)
cfn=(482)
calls=1 26 
* 9

fn=(690)
442 2
+1 1
cfi=(105)
cfn=(692)
calls=1 +79 
* 68
* 2
+4 2
-1 2
+2 3
+2 1
+1 2

fn=(512) _IO_file_finish@@GLIBC_2.2.5
208 4
+1 2
+7 1
-1 2
+1 2
-1 1
cfi=(105)
cfn=(514)
calls=1 673 
* 25

fn=(466)
531 3
+6 3
-14 5
+17 3
+13 2
fi=(119)
865 1
fe=(112)
573 2
cfi=(105)
cfn=(478)
calls=1 175 
* 24
+11 1
-5 1
fi=(119)
940 1
fe=(112)
579 2
fi=(119)
940 1
fe=(112)
580 1
+2 1
fi=(119)
941 1
fe=(112)
581 2
fi=(119)
941 1
fe=(112)
584 4
cfn=(480)
calls=1 1208 
* 13
+2 2
+16 1
-9 1
+9 2
+2 1
+1 2
-1 1
+1 4
-67 3
+5 3
+5 2
cfi=(105)
cfn=(468)
calls=1 395 
* 320
* 2

fn=(558)
1250 406
-2 2436
+2 1624
+4 812
+1 1624
cfi=(126)
cfn=(560)
calls=406 26 
* 3654
+1 812
+5 406
+1 406
-12 812
+5 812
+10 1218
+3 3654

fn=(498) _IO_file_close_it@@GLIBC_2.2.5
166 3
+2 3
+4 1
+3 2
-3 1
-1 2
+6 1
+3 1
-3 1
cfi=(105)
cfn=(500)
calls=1 1081 
* 9
+3 2
+4 3
+9 5
cfi=(105)
cfn=(418)
calls=1 380 
* 183
+1 2
+3 1
-3 1
+1 3
+2 1
cfi=(105)
cfn=(496)
calls=1 59 
* 15
+5 1
-4 1
+1 1
+1 1
+2 1
+1 5
-23 1
fi=(119)
938 3
+2 2
+1 2
fe=(112)
180 2
cfn=(502) _IO_file_close
calls=1 1242 
* 6
* 2

fn=(574)
1279 2941
-1 5882
-6 29400
+13 11760
+21 2940
+5 11760
cfi=(128) /build/glibc-itYbWN/glibc-2.26/string/../sysdeps/x86_64/multiarch/memmove-vec-unaligned-erms.S
cfn=(578) __mempcpy_avx_unaligned_erms
calls=2940 209 
* 48273
* 2940
* 2940
+6 2940
-1 2940
+1 5880
+2 5880
+27 5880
+1 23521
-24 240
fi=(119)
938 720
+2 480
+1 480
fe=(112)
1323 720
cfn=(552)
calls=240 800 
* 30960
* 480
+6 480
+1 1440
+2 720
+11 480
-56 8820
+1 5880
+3 8820
+2 29196
-2 24224
+4 240
+11 1200

fn=(446)
257 10
+11 2
+2 4
417 12
295 12
+39 6
cfn=(448)
calls=1 222 
* 75
+3 1
-3 1
+3 1
+3 3
cfi=(114)
cfn=(452)
calls=1 53 
* 24
+1 1
-1 1
+1 1
-67 1
-1 1
-15 2

fn=(472)
1221 2
+1 6
cfi=(118)
cfn=(474)
calls=2 34 
* 18

fn=(502)
1242 5
+1 1

fn=(442)
144 2
+4 1
-4 2
+5 1
-1 1
+3 1
cfi=(105)
cfn=(444)
calls=1 -54 
* 87
+1 1
+1 4

fl=(136)
fn=(650)
31 8
+17 2
-17 8
+4 8
+4 12
-4 6
+32 8
+4 12
-4 6
+12 4
+3 2
-2 2
+2 12
-2 2
cfi=(137)
cfn=(652)
calls=2 -52 
* 32

fl=(97) /build/glibc-itYbWN/glibc-2.26/misc/sbrk.c
fn=(392) sbrk
34 1577
+8 1577
-8 4731
+8 9459
+4 3154
+4 9006
+5 1445
+7 7605
-19 2
cfi=(98) /build/glibc-itYbWN/glibc-2.26/misc/../sysdeps/unix/sysv/linux/x86_64/brk.c
cfn=(394) brk
calls=1 -12 
* 12
* 4
+15 3002
cfi=(98)
cfn=(394)
calls=1501 -27 
* 22347
* 3002
+4 280

fl=(70)
fn=(238)
40 2
-2 1
+2 2
-2 2
+11 1

fl=(89) /build/glibc-itYbWN/glibc-2.26/setjmp/sigjmp.c
fn=(346) __sigjmp_save
29 1
-1 2
+1 2
+5 3

fl=(98)
fn=(394)
31 12016
+8 1502
-6 3004
+7 57
-5 2890
+1 1445
+4 1445

fl=(132) /build/glibc-itYbWN/glibc-2.26/misc/../sysdeps/unix/syscall-template.S
fn=(632) mremap
84 11980
+1 2396

fl=(125)
fn=(548)
25 256
+2 256
-2 256
+2 4352
+1 768
fi=(119)
864 512
+1 2048
fe=(125)
31 768
-3 512
cfi=(105)
cfn=(550)
calls=256 228 
* 16938
* 512

fl=(64)
fn=(214)
38 4
+3 4
+6 1

fl=(86)
fn=(324)
57 5
-22 1
+22 1
-22 1
cfn=(326) __new_exitfn
calls=1 +38 
* 38
+2 2
+4 1
+3 1
+1 1
-4 2
+2 1
+4 1
+1 1
+11 4

fn=(326)
73 2
+6 1
-6 1
+6 1
-6 1
+6 4
+2 6
+2 3
-2 1
+10 2
-10 2
+45 1
+1 1
+3 4
+3 5
-21 1
+1 2

fl=(66)
fn=(236)
30 6

fn=(222)
30 6

fn=(252)
30 6

fl=(108)
fn=(424)
45 1524
+2 1524
+1 1524
+1 1524
+2 1524
+1 1524
+1 1524
+4 891
+1 891
+1 891
+1 891
+1 891
+1 891
+1 891
+11 633
+1 633
+1 633
+1 633
+1 633
+1 633
+1 633
+2 633
+1 633
+1 633
+2 632
+1 632
+2 632
+7 632
+1 632
+4 1
+5 1
+1 1
+1 1
+1 1
+1 1
+1 1
+1 1
+72 892
+2 892
+7 892
+1 892

fl=(129)
fn=(584)
33 798
+2 133
cfi=(130) /build/glibc-itYbWN/glibc-2.26/string/../sysdeps/x86_64/multiarch/strlen-avx2.S
cfn=(588) __strlen_avx2
calls=133 +17 
* 2523
* 133
+1 133
-1 133
+1 2261
+3 399
+1 133
fi=(119)
938 399
+2 266
+1 266
fe=(129)
40 399
cfi=(112)
cfn=(574)
calls=133 1279 
* 17055
* 266
+1 532
+1 532
fi=(119)
864 266
+1 1064
fe=(129)
46 931
-8 266
+3 266
cfi=(105)
cfn=(550)
calls=133 228 
* 21812
* 266

fl=(80) /build/glibc-itYbWN/glibc-2.26/string/../sysdeps/x86_64/multiarch/strrchr-avx2.S
fn=(306) __strrchr_avx2
43 1
+1 1
+2 1
+1 1
+3 1
+1 1
+1 1
+33 1
+1 1
+1 1
+1 1
+1 1
+1 1
+1 1
+1 1
+1 1
+1 1
+3 1
+1 1
+9 1
+1 1
+99 1
+1 1
+8 1
+1 1
+1 1
+1 1
+1 1
+2 1
+1 1
+1 1
+1 1
+1 1

fl=(130)
fn=(588)
52 133
+1 133
+1 133
+3 133
+1 133
+1 133
+3 2
+1 2
+1 2
+8 2
+19 131
+1 131
+1 131
+1 131
+2 131
+1 131
+1 131
+1 130
+6 130
+1 130
+1 130
+4 130
+1 130
+16 1
+10 1
+1 1
+1 1
+1 1
332 3
+1 3
+1 3
+4 3
+1 3

fl=(87)
fn=(342)
30 1
+2 1
cfi=(88) /build/glibc-itYbWN/glibc-2.26/setjmp/../sysdeps/x86_64/setjmp.S
cfn=(344) __sigsetjmp
calls=1 -6 
* 27

fl=(90)
fn=(628) systrim.isra.2
2789 539
+11 231
+2 77
+1 154
-4 77
+8 231
+2 231
-5 77
+49 616
-37 375
cfi=(96) /build/glibc-itYbWN/glibc-2.26/malloc/morecore.c
cfn=(390) __default_morecore
calls=75 46 
* 1875
* 75
+1 300

fn=(352)
3062 38761423
-5 116284269
+5 38761423
+1 77522846
+5 232568532
+3 193807110
+3 77522844
+10 248757992
+2 106610568
cfn=(386) _int_malloc
calls=35536856 3556 
* 5753069053
+3 35536856
-3 35536856
+3 35536856
+8 142147424
+2 355368560
-31 54606412
+8 38761421
+1 116284263
2976 6449132
+2 6449132
+1 3224566
3102 193807110
-18 213221136
-20 1
+38 3
-38 1
cfi=(91)
cfn=(354) malloc_hook_ini
calls=1 296 
* 61703

fn=(534)
4549 30145473
+21 13397988
+1 10048491
+11 10048491
+2 3349497
+1 10048491
+2 13397988
+6 6698994
4712 30145473
4603 6698994
+13 3346619
-1 6693238
+12 13386692
cfn=(386)
calls=3346673 3556 
* 531529844
+1 3346673
-1 3346673
+1 3346673
+3 3346673
+6 10040019
+13 3346673
+3 6693346
+1 6693346
+2 6693346
+5 3224716
+3 3224716
-3 3224716
+1 6449432
+1 6449432
+1 3224716
+2 3224716
+2 3224716
-2 3224716
+1 6449432
+1 3224716
+2 261
+2 261
-2 261
+1 522
+1 261
+9 13386692
cfn=(508) _int_free
calls=3346673 4149 
* 201407319
+2 3346673
-32 121957
+6 243914
cfi=(128)
cfn=(580) __memcpy_avx_unaligned_erms
calls=121957 221 
* 18167678
* 121957
* 121957
-52 2878
-1 2878
-1 5756
+4 5648
+4 2824
-4 11296
+2 2824
-2 2824
+2 2824
-2 2824
+1 5648
+1 2824
+2 2824

fn=(630) mremap_chunk
2896 1227085
+1 245417
+1 245417
-1 245417
+2 736251
+3 490834
+1 981668
+3 981668
+3 490834
+3 14376
cfi=(132)
cfn=(632)
calls=2396 84 
* 14376
+3 4792
+3 2396
+2 4792
+2 4792
+1 9584
+3 14376
+2 11980
+2 1717919

fn=(388) sysmalloc
2300 16522
+20 1502
+11 1502
-11 1502
+11 1502
+1 9009
fi=(91)
550 6004
fe=(90)
2347 4503
+66 1501
+1 4503
+10 1501
-9 1501
+9 4505
+6 4503
+3 4503
2753 3002
+1 1501
+5 3002
+3 3002
+5 1501
-3 1501
+3 1501
-2 1501
+2 4503
+1 1501
-1 1501
-1 1501
+1 3002
+1 1501
+2 1501
+6 16522
2424 10500
-91 3
+14 4
+6 2
+19 3
+16 1
-1 1
+1 2
+5 3
+1 5
+3 3
+1 5
+4 2
+84 4503
+19 1501
-11 1501
+11 3002
-11 1501
+1 57
+10 114
+8 57
-8 57
+8 57
+2 9006
cfi=(96)
cfn=(390)
calls=1501 46 
* 76342
+1 1501
-1 1501
+1 1501
+3 6004
+3 224
+1 112
+46 3002
+2 3002
+6 1501
-6 1501
+6 3711
+1 275
-73 2888
+8 1444
-8 1444
+8 1444
+29 5780
+1 1445
+3 2890
+2 13005
cfi=(131)
cfn=(626)
calls=1445 44 
* 50575
+2 1445
-2 1445
+2 4335
+12 1445
+5 8670
+13 4342
+37 2
+6 4
+19 1
+3 2
+1 5
+2 2
+1 5
cfi=(96)
cfn=(390)
calls=1 46 
* 25
+12 4
+8 2
+1 4
+39 1
+1 1
-2 1
+1 3
+12 1
-12 1
+1 1
+11 1
-12 1445
+1 1445
-2 1445
+1 4335
+12 1445
-12 1445
+1 1445
+11 1445
+7 2890
+1 2890
+14 1445
-14 1445
+8 1445
+2 1445
+4 1445
+2 568
cfn=(508)
calls=142 4149 
* 9672
* 426
-65 4335
-70 1445
+89 2890
2570 2
-32 2891
+1 5
2355 7
cfi=(131)
cfn=(626)
calls=1 44 
* 35
+2 2

fn=(378) malloc_consolidate
4445 20790
+22 3780
+1 5667
+12 1889
5422 1889
4481 1889
-11 1889
+10 1889
5424 1889
-2 1889
+2 7556
4483 5667
+1 5667
-1 51003
+1 54804
+26 5609
+4 5609
-3 5609
+1 5609
+2 5609
+5 5609
+1 5609
+1 5609
-2 5609
+12 5609
-12 5609
+3 11218
+9 5609
-41 5609
-3 5609
+3 11218
+1 5609
+1 11218
+2 11218
+7 11218
+3 11218
+4 11218
+23 2534
+3 90672
5415 1
1834 6
4467 5
1834 16
+1 12
-1 480
+1 362
-1 2
+1 2
+4 1
-4 2
+4 2
+5 2
+2 2
4540 20790
1843 3

fn=(526)
3151 25164398
+7 7189828
+1 7189828
+4 14379652
+7 7189826
+6 3594913
+3 3594913
-5 3594913
+2 7189826
+2 7189826
+14 14379652
+1 7189826
+8 28759304
+2 7189826
+4 981668
+19 981668
cfn=(630)
calls=245417 2896 
* 7443974
+1 245417
+1 245417
-1 490834
+38 32354217
-83 10048488
+1 10048488
+61 20096976
+2 16747480
cfn=(534)
calls=3349496 4549 
* 1017909017
* 3349496
+2 13397984
+1 33494955
-89 1
3265 7
3160 1
cfi=(99)
cfn=(528)
calls=1 37 
* 374

fn=(386)
3556 116650593
-34 272184717
+34 116650593
-34 38883531
+34 116650593
+6 38883531
-2 77767062
+24 77767062
+2 155340764
+1 77670382
-1 38835191
+2 38835191
+1 78715390
+48 155067820
+2 38766955
-2 38766955
+2 77533910
+2 1750
+4 875
+1 1750
+9 875
-4 875
+1 875
+1 875
+2 1750
+7 875
-1 1750
+1 11333
-28 96680
+70 3722
+1 928
+1 586
cfn=(378)
calls=293 4445 
* 46501
+19 38766544
-1 77533088
+1 38766544
-1 38766544
+1 38766544
-2 155066172
4127 387665430
-2 38766543
+2 38766543
-2 38766543
+2 77533086
-2 38766543
3756 38766543
-27 38766543
4127 116299629
3756 77533086
4127 620264688
3734 38766543
+1 38766543
3872 38766543
3735 77533086
4127 10
-2 1
+2 1
-2 1
+2 2
-2 1
3756 1
-27 1
4127 3
3756 2
4127 16
3734 1
+1 1
3872 1
3735 2
4127 1596
3734 1596
+1 1596
3872 1596
3735 9720
+3 428994
-1 428994
+1 857988
+1 857988
+4 428994
+10 1715750
+34 14783
-5 14783
+1 14783
+4 14783
+29 22142
+2 21196
+1 31794
+1 10598
-1 10598
+53 21196
+9 10598
-9 42392
+10 10598
-9 10598
+1 10598
+1 10598
+1 10598
+6 10598
-10 946
+9 473
-9 1892
+10 473
-9 473
+1 473
+1 473
+1 473
+6 473
+9 11071
3735 22142
3897 76710226
2975 6528
+1 3264
-1 3264
+1 3264
+1 6528
+1 6528
+1 3264
3899 3264
-8 33213
+17 76700434
+2 1856
+3 464
-3 464
+3 928
+71 76700434
+1 76700434
+1 76700434
+1 76700434
+1 76700434
+5 76742156
+16 42341
+2 84682
-4 116672
+8 15995
+3 31990
+2 5799
+1 5799
+1 5799
-2 23196
-27 5799
3824 2108
+1 54
+1 54
-1 54
+4 108
-4 419
+1 419
-1 419
+4 838
+3 2
+2 4
+1 2
-45 3712
-1 3712
+1 7424
+5 7424
+1 22272
1911 896
3806 448
1911 896
4141 349951779
3592 580560
+12 116112
-1 232224
+1 928896
+5 348336
4027 30588
+3 20392
+5 10196
-3 20392
+3 123771
+3 20392
+3 1493
-1 1493
+1 2986
1911 127183
4078 127183
1911 254366
3824 3744
+23 3
+1 2
+6 1
+7 1
-1 1
+3 1
-2 1
+1 1
+1 2
+2 2
-41 560
3704 159
2967 191504
-3 3264
-1 3264
+1 9792
+3 6528
-2 6528
+1 3264
3800 3264
2967 3264
3799 3264
+1 3264
-46 848894
+1 845856
+4 414211
+1 828422
-1 414211
+5 414211
-3 828422
+1 414211
+1 828422
+1 414211
+2 398715
+1 398715
+3 797430
+6 398715
-6 2791005
+2 1196145
+1 398715
1911 1196145
3770 30992
+6 15496
-6 108472
+2 46488
+1 15496
1911 46488
4141 1502
-6 4506
cfn=(388)
calls=1502 2300 
* 397069
+1 1502
-1 1502
+1 1502
1911 4506
3869 1888
-45 556
3704 2145
3824 695
3704 495
3997 115022871
+3 153360528
-3 115020390
+3 153360116
-3 76679850
+3 115019730
4100 38340021
+1 76680042
+2 76680042
+17 9294
+2 3192
cfn=(378)
calls=1596 4445 
* 398289
+3 1596
-1 3192
+1 1596
-1 1596
3723 2
-19 106
4000 424
+2 106
+1 212
-1 830
+1 1660
-3 2490
+53 8703
-5 8703
+6 17406
+11 8703
-6 8703
+1 8703
+1 8703
+1 8703
+3 8703
+1 8702
+1 17406
+2 472
+1 472
+2 4248
+2 1416
+1 944
-3 74079
+2 24693
+1 16462
-40 5676
+73 38336923
-3 38336923
+3 38336923
-2 38336923
+7 76673846
-5 153347692
-1 38336923
+1 38336923
+2 38336923
-2 76673846
1911 38336923
4110 38336923
1911 76673846

fn=(508)
4149 43508816
+13 10040496
+6 13387328
+1 6693664
+11 13387328
+12 3346832
-2 6693664
+2 10040496
+1 6693664
+1 13385444
+13 244420
+11 486956
+2 365217
1918 121739
4244 121739
1918 243478
4246 365217
+1 243478
+4 121739
-4 121739
+1 121739
+9 730434
+9 486956
+1 98835
+1 32945
+2 98835
-2 88794
+2 631599
4428 36815152
4283 942
+1 942
+9 470
-4 470
+4 1410
4160 470
4299 942
+8 1413
+6 942
+1 942
+1 942
1918 1413
4324 942
+7 942
+5 942
-51 6
+8 1
-4 1
+4 3
-7 2
2964 3224622
-1 3224622
+1 6449244
+3 3224622
-2 6449244
+1 3224622
+1 6449244
4272 421066
+68 471
+9 471
-1 471
+2 942
+7 471
-2 471
+1 471
+1 471
+2 471
+1 471
+2 471
+1 471
+2 1413
+1 471
+30 942
+1 180
+3 270
+16 942
+1 3
+1 5
4301 1107
-2 738
4402 450
+2 308
cfn=(628)
calls=77 2789 
* 4858
* 77

fn=(384) tcache_init.part.7
3022 1
-9 1
+9 11
+1 3
cfn=(386)
calls=1 3556 
* 401
+1 1
-1 1
+1 1
+8 4
+7 2
+2 1
+1 2
-1 1
+1 78
+3 2

fn=(506)
3107 136
+5 34
+1 34
+6 34
+5 17
-2 17
+2 34
+18 51
+2 51
+1 34
cfn=(508)
calls=17 4149 
* 1062
+1 153

fl=(88)
fn=(344)
26 1
+9 1
+1 2
+1 1
+4 1
+1 1
+1 1
+1 1
+1 1
+2 2
+2 1
+1 1
+1 1
+2 2
+2 1
+8 1
cfi=(89)
cfn=(346)
calls=1 -34 
* 8

fl=(128)
fn=(578)
209 2940
+1 2940
+1 2940
+12 2940
+1 2940
+44 2940
+1 2940
+2 2939
+1 2939
+1 2589
+1 2589
+1 1919
+1 1919
+1 1901
+1 1901
+1 1901
+2 1901
+14 1
+1 1
+1 1
+1 1
+1 1
+4 350
+1 350
+1 350
+1 350
+1 350
+3 670
+1 670
+1 670
+1 670
+1 670
+3 18
+1 18
+1 18
+1 18
+1 18

fn=(580)
221 121957
+2 121957
+1 121957
+1 121957
+1 121957
+12 384
+1 384
+1 384
+1 384
+2 382
+1 382
+1 382
+5 382
+2 384
+1 15586432
+2 384
+70 121957
+1 121957
+5 121573
+1 121573
+1 121477
+1 121477
+2 5
+1 5
+1 5
+1 5
+1 5
+1 5
+1 5
+1 5
+1 5
+1 5
+1 5
+1 5
+1 5
+1 5
+1 5
+1 5
+1 5
+1 5
+3 121472
+1 121472
+1 121472
+1 121472
+1 121472
+1 121472
+1 121472
+1 121472
+1 121472
+1 121472
+3 96
+1 96
+58 96
+1 96
+1 96
+1 96
+1 96
+2 96
+3 96
+1 96
+1 96
+1 96
+2 96
+2 96
+2 96
+3 96
+1 96
+4 1577
+1 1577
+1 1577
+1 1577
+1 1577
+1 1577
+1 1577
+1 1577
+1 1577
+1 1577
+1 1577
+1 1577
+1 1577
+2 96
+1 96
+1 96
+1 96
+2 96
+1 96
+1 96

fl=(100)
fn=(400)
26 1
+1 3
cfi=(101)
cfn=(402)
calls=1 +79 
* 126
+1 2

fl=(115)
fn=(458)
26 754
+4 870
+3 58
-2 58
+3 232
-1 290
+1 58
cfi=(116) /build/glibc-itYbWN/glibc-2.26/stdio-common/vfscanf.c
cfn=(460) _IO_vfscanf
calls=58 281 
* 33999
fi=(109)
873 58
+1 58
fe=(115)
34 58
fi=(109)
874 58
+1 464
fe=(115)
39 406

fl=(57)
fn=(196)
43 8
fi=(58) /build/glibc-itYbWN/glibc-2.26/time/../sysdeps/generic/dl-hash.h
+5 3
+14 4
-17 3
+3 9
+14 12
-17 9
+22 1
fe=(57)
-24 6
cfi=(59)
cfn=(200)
calls=1 -17 
* 16
* 5

fl=(60)
fn=(218)
32 2
-2 2
+2 4
-2 6
fi=(156) /build/glibc-itYbWN/glibc-2.26/wcsmbs/../sysdeps/x86_64/multiarch/wcschr.c
+1 2
fe=(60)

fn=(250)
32 1
-2 1
+2 2
-2 3
fi=(157) /build/glibc-itYbWN/glibc-2.26/wcsmbs/../sysdeps/x86_64/multiarch/wcslen.c
-1 1
fe=(60)

fn=(204)
32 2
-2 2
+2 4
-2 6
fi=(158) /build/glibc-itYbWN/glibc-2.26/wcsmbs/../sysdeps/x86_64/multiarch/wmemchr.c
+1 2
fe=(60)

fl=(76)
fn=(296)
52 8
+3 3
+14 1
fi=(78) /build/glibc-itYbWN/glibc-2.26/csu/../sysdeps/unix/sysv/linux/x86_64/init-first.c
-33 1
fe=(76)
+31 1
+1 1
fi=(78)
-32 3
fe=(76)
+33 1
fi=(78)
-33 3
fi=(77) /build/glibc-itYbWN/glibc-2.26/csu/../sysdeps/generic/dl-hash.h
+12 3
+14 4
-17 3
+3 9
+14 12
-17 9
+22 1
fi=(78)
-31 2
+2 2
-2 1
+2 2
cfi=(59)
cfn=(200)
calls=1 -12 
* 16
+1 2
+5 2
-3 2
+1 1
+2 1
cfi=(59)
cfn=(200)
calls=1 -18 
* 16
fe=(76)
+37 3
fi=(78)
-36 2
+1 1
fe=(76)
+35 1
cfi=(79) /build/glibc-itYbWN/glibc-2.26/misc/init-misc.c
cfn=(302) __init_misc
calls=1 -50 
* 58
+3 1
cfi=(81) /build/glibc-itYbWN/glibc-2.26/ctype/ctype-info.c
cfn=(308) __ctype_init
calls=1 -53 
* 16
+5 6
-27 1
-7 1
+7 4
fi=(78)
-22 2
fe=(76)

fl=(79)
fn=(302)
31 2
-1 3
+1 4
+2 3
cfi=(80)
cfn=(306)
calls=1 +10 
* 33
* 1
+4 5
+1 3
+2 4

fl=(92) /build/glibc-itYbWN/glibc-2.26/elf/dl-addr.c
fn=(360) _dl_addr
127 9
+5 1
-5 2
+5 2
cob=(1)
cfi=(2)
cfn=(52)
calls=1 783 
* 2
+2 2
cob=(1)
cfi=(93)
cfn=(368)
calls=1 -64 
* 1219
* 5
+2 2
30 1
+1 1
-1 1
+1 1
+3 2
+5 1
+6 1
-7 1
+2 2
+2 1
-2 1
+2 1
+3 1
+5 8
+2 1
+1 2
-1 1010
+1 2020
+2 3644
+9 2007
+7 27
-2 27
+2 2312
-2 2258
+2 5890
-10 11425
+2 9140
+1 14539
+7 1011
-21 2022
+50 3
+1 1
+1 3
+3 2
+37 2
cob=(1)
cfi=(2)
cfn=(54)
calls=1 789 
* 2
+3 9
-28 1
+1 1
+21 2

fl=(73)
fn=(264)
42 8
fi=(58)
+6 3
+14 4
-17 3
+3 9
+14 12
-17 9
+22 1
fe=(73)
-25 6
cfi=(59)
cfn=(200)
calls=1 -16 
* 16
* 5

fl=(134) /build/glibc-itYbWN/glibc-2.26/stdlib/cxa_thread_atexit_impl.c
fn=(638) __call_tls_dtors
145 3
+1 4
+18 4

fl=(96)
fn=(390)
46 1577
+1 1577
cfi=(97)
cfn=(392)
calls=1577 -13 
* 67203
+2 4731
+3 3154

fl=(116)
fn=(460)
281 870
+11 174
+1 58
fi=(121) /build/glibc-itYbWN/glibc-2.26/stdio-common/../include/scratch_buffer.h
79 58
fe=(116)
293 58
fi=(121)
78 232
fe=(116)
343 348
+6 175
+3 290
+4 58
+20 58
-20 58
+20 58
-7 58
-6 58
+8 116
-8 58
+8 58
+5 58
-5 58
+5 348
2651 58
286 116
+95 58
-45 58
-49 58
2651 58
2212 58
297 58
-12 58
+47 116
-1 58
-1 58
-1 58
-12 58
2212 58
385 522
+37 232
+24 116
-1 116
+1 116
+3 290
+7 456
+8 57
-8 57
+8 114
+8 285
-21 233
349 114
+27 406
485 58
fi=(148)
85 58
fe=(116)
225 58
+1 116
491 290
-6 116
+22 116
+21 58
+4 58
fi=(148)
85 58
fe=(116)
528 174
+7 522
-28 232
3021 464
fi=(121)
86 290
fe=(116)
3024 174
+3 116
+17 116
+6 696
615 116
+5 232
+1 174
+3 580
+1 174
+6 500
+3 288
-3 144
+3 58
+1 116
+1 232
-1 58
+1 232
+4 116
-4 174
cfi=(105)
cfn=(484)
calls=58 +71 
* 1044
+4 580
-19 174
+10 6
cfi=(105)
cfn=(462)
calls=1 350 
* 477
* 6
-96 116
1401 464
+5 58
-5 58
+5 116
+9 290
+3 11
263 11
1418 33
263 11
1418 11
263 22
+3 33
1421 77
+2 88
+11 33
+7 290
1745 406
fi=(121)
114 290
fe=(116)
1736 420
+2 210
+5 804
+64 174
+7 116
217 116
1815 116
+28 464
cfi=(105)
cfn=(484)
calls=58 707 
* 1044
* 116
263 174
+3 174
1847 116
+17 58
+1 174
-1 116
+1 174
-1 58
+1 58
cfi=(101)
cfn=(486)
calls=58 98 
* 6092
* 116
+6 174
+3 232
+2 116
+4 116
+23 116
636 58
1393 58
+1 58
-2 58
+2 58
1740 94
263 94
+3 141
1802 188
+2 470
-59 290
1438 188
3011 232
+3 29
+1 12
-1 6
+2 1
290 1
3016 4
cfi=(105)
cfn=(484)
calls=1 707 
* 18
* 1
1816 116
+1 116
+65 116
+17 580
-15 116
+1 174
631 2

fl=(91)
fn=(358) ptmalloc_init.part.1
294 2
+5 1
-5 3
+13 2
+6 2
+6 1
-6 1
+6 5
+1 1
+2 1
-2 1
cfi=(90)
cfn=(378)
calls=1 4445 
* 922
+2 4
cob=(1)
cfi=(93)
cfn=(368)
calls=1 70 
* 1125
* 5
+1 4
cob=(1)
cfi=(9)
cfn=(26)
calls=1 +56 
* 17
* 1
+1 4
cob=(1)
cfi=(9)
cfn=(26)
calls=1 +55 
* 18
* 1
+1 4
cob=(1)
cfi=(9)
cfn=(26)
calls=1 +54 
* 17
* 1
+1 4
cob=(1)
cfi=(9)
cfn=(26)
calls=1 +53 
* 17
* 1
+1 4
cob=(1)
cfi=(9)
cfn=(26)
calls=1 +52 
* 18
* 1
+1 4
cob=(1)
cfi=(9)
cfn=(26)
calls=1 +51 
* 17
* 1
+1 4
cob=(1)
cfi=(9)
cfn=(26)
calls=1 +50 
* 17
* 1
+2 4
cob=(1)
cfi=(9)
cfn=(26)
calls=1 +48 
* 17
* 1
+1 4
cob=(1)
cfi=(9)
cfn=(26)
calls=1 +47 
* 17
* 1
+1 4
cob=(1)
cfi=(9)
cfn=(26)
calls=1 +46 
* 17
* 1
+3 4
+73 2
+1 2
+4 2
-1 1
+1 4
308 5
cfi=(92)
cfn=(360)
calls=1 127 
* 58628
* 2
+1 4

fn=(354)
296 1
fi=(99)
29 4
+1 1
fe=(91)
296 1
fi=(99)
30 1
fe=(91)
296 1
fi=(90)
3068 6
+3 4
+13 7
+2 3
cfn=(386)
calls=1 3556 
* 162
+3 1
-3 1
+3 1
+8 4
+2 10
-31 4
-49 4
cfn=(384)
calls=1 +3 
* 510
+55 2
+2 5
+1 3
fi=(99)
33 5
fi=(90)
3084 7
cfi=(91)
cfn=(358)
calls=1 294 
* 60952
* 1
-21 2
fe=(91)

fl=(138) /build/glibc-itYbWN/glibc-2.26/posix/../sysdeps/unix/sysv/linux/_exit.c
fn=(696) _Exit
27 2
+4 1
+2 2

fl=(81)
fn=(308)
31 5
+2 1
+2 1
-4 1
+4 1
-4 1
+2 3
+2 3

fl=(122)
fn=(494)
39 3
+14 1
-14 1
+14 2
fi=(119)
864 2
+1 3
fe=(122)
62 1
fi=(119)
938 3
+2 2
+1 2
fe=(122)
62 3
cfi=(112)
cfn=(512)
calls=1 208 
* 37
+1 3
+18 6
+3 2
cob=(2)
cfi=(18)
cfn=(504)
calls=1 -84 
* 95
+4 5
-34 1
cfi=(105)
cfn=(496)
calls=1 +5 
* 94
+2 19
+1 2
+1 2
cfi=(112)
cfn=(498)
calls=1 166 
* 268
* 4
fi=(119)
865 6
fe=(122)
78 2

fl=(133)
fn=(634)
105 1
-1 1
+1 3
cfn=(636) __run_exit_handlers
calls=1 -70 
* 1139

fn=(636)
35 8
+5 3
+7 6
+4 3
-4 3
+4 3
+3 1
-1 1
+2 5
+33 1
+1 1
-1 1
+1 1
+6 2
+1 5
cfi=(105)
cfn=(682)
calls=1 982 
* 430
* 3
+2 2
cfi=(138)
cfn=(696)
calls=1 -71 
* 5
-19 1
+4 1
-4 1
+2 1
+2 1
-2 2
+2 1
cob=(1)
cfi=(135)
cfn=(640)
calls=1 +47 
* 633
+1 1
-43 1
cfi=(134)
cfn=(638)
calls=1 145 
* 11
* 1

fl=(127)
fn=(572)
28 2596
+4 236
+1 472
-1 1180
+1 708
cfi=(107)
cfn=(420)
calls=236 1244 
* 617037
+4 1180

totals: 34486423871
